0.391198148
0.34914865
0.287346924
0.281330086
0.264546296
0.260389956
0.241568006
0.226192163
0.201383022
0.197785441
0.196917651
0.193852165
0.193821006
0.190027942
0.179684359
0.176996425
0.16512611
0.161133508
0.155055387
0.144635769
0.142988788
0.139888093
0.135953832
0.134548922
0.133757945
0.123767699
0.122329066
0.117728071
0.111787444
0.109524996
0.109141013
0.100800749
0.095296639
0.094488949
0.088703343
0.088450268
0.086631318
0.085312539
0.081476712
0.078615737
0.076647587
0.075585019
0.073853862
0.071565329
0.071295067
0.069385718
0.067151647
0.066290307
0.06415992
0.064008987
0.063948414
0.061877216
0.058635555
0.05832782
0.056326865
0.048871504
0.048619522
0.047388313
0.046363298
0.045578507
0.044909878
0.043602391
0.043565402
0.043410917
0.042451708
0.037799441
0.037733317
0.037100608
0.036620692
0.033211103
0.032323571
0.03214914
0.031036188
0.030630249
0.029848645
0.029789092
0.028526686
0.028247982
0.02742409
0.026683113
0.026487418
0.026393843
0.024921623
0.023638676
0.022223783
0.021889646
0.021748146
0.021329325
0.020177717
0.019895264
0.019680252
0.018490449
0.018045239
0.017647996
0.017423513
0.016588361
0.014454696
0.013954442
0.013281107
0.012410721
0.01225232
0.011687906
0.011193754
0.011088967
0.010640746
0.010117559
-0.299429542
-0.263549172
-0.197254703
-0.136680973
-0.108586445
-0.107502027
-0.106545047
-0.102294662
-0.078974304
-0.078261437
-0.070511827
-0.068876159
-0.059424273
-0.059106568
-0.058231042
-0.057653918
-0.052901805
-0.050874571
-0.048454624
-0.047484765
-0.046472731
-0.045767282
-0.043684693
-0.042748187
-0.039963341
-0.038348579
-0.037724256
-0.037200574
-0.036665332
-0.035947559
-0.033889232
-0.031723674
-0.031411764
-0.030557056
-0.029941804
-0.026253336
-0.02603589
-0.025602576
-0.024816325
-0.024401052
-0.024396872
-0.021231401
-0.020742038
-0.019596683
-0.01867532
-0.017528479
-0.016888342
-0.016812939
-0.016532277
-0.016323073
-0.016262456
-0.015757986
-0.014146551
-0.013943304
-0.010722148
-0.010350889
