3165
7936
1108
12913
393
351
3897
988
132
6222
854
1911
1351
4224
3647
62
387
775
54
67
1121
993
157
14
280
1111
8003
472
1061
237
180
518
11944
538
10404
703
20
4534
31
10756
214
509
6350
2309
1275
561
70
1723
309
1960
695
1064
366
1575
136
930
160
10
4361
903
201
6269
1759
326
1973
806
43
2013
1317
19
2900
137
75
406
60
1327
1685
2375
462
293
27
47
325
1823
767
27
912
1005
77
1139
572
381
314
550
337
1376
24
80
1377
21
1463
67
1208
389
3911
6745
1053
483
6095
2085
808
29
992
86
84
1113
4182
594
1
1355
472
281
2709
1181
621
219
1403
2445
38
705
975
412
1963
369
3499
4110
120
618
467
230
318
2354
2288
132
211
805
282
4797
816
162
400
4
67
28
3424
136
362
333
425
155
2056
246
1
338
5180
428
566
2286
2329
68
5
1450
652
3685
613
13
25
536
30
4327
1363
233
1607
807
108
4585
1
1558
62
133
2151
10
91
5646
59
135
36
3503
146
69
9
1464
96
564
236
286
469
764
35
27
11610
557
299
135
181
7
906
327
80
92
266
836
8
211
856
870
12
48
211
3409
276
308
30
77
58
5975
36
266
121
349
34
79
1227
655
54
1
2399
1003
172
176
1419
81
689
28
3
86
506
840
166
332
8
695
613
1813
486
2315
1534
206
567
1
573
47
846
14
125
164
328
32
873
2265
45
1
1036
3
586
325
962
1
6
99
1489
971
1694
778
101
369
600
900
1036
18
330
1125
32
1665
554
210
896
533
1292
1894
556
180
18
1128
85
1185
155
1413
115
15
188
176
1034
621
36
12
33
916
38
237
914
1075
100
10
19
85
111
383
1214
486
385
2
34
23
35
143
462
640
113
1391
869
442
380
209
14
1109
1185
197
16
3
4293
4
32
443
61
1193
1072
582
1083
430
993
1186
2043
1377
1170
615
107
839
66
1011
517
222
731
159
1
3
4
1789
188
10
2
11
131
88
873
559
320
32
543
515
562
35
36
239
167
40
6
156
136
380
46
11
103
1116
19
1556
113
210
222
1
241
630
168
11
3
84
1155
247
753
96
2527
1305
73
1873
2
601
61
2427
583
76
1517
1
392
1
1
211
981
353
706
423
243
266
240
463
491
192
1
540
14
253
362
210
444
193
496
40
1139
116
523
600
902
48
50
36
28
27
1136
225
388
16
358
1185
227
155
838
17
715
63
673
5
135
99
1151
1216
13
220
22
248
2
1160
213
48
175
9
140
729
2019
220
283
7
36
255
222
1127
91
526
453
238
181
162
7
4
1212
1
383
589
74
179
56
3
1650
26
2314
45
118
218
455
48
5
45
9
265
56
78
61
18
578
7
24
294
516
562
545
58
1371
439
260
285
105
133
106
1053
502
244
133
3601
1138
219
104
573
833
591
1
88
12
2
81
8
1530
69
151
35
25
508
1808
1325
105
20
418
692
543
122
1011
28
409
186
104
382
121
57
55
110
12
295
121
270
658
906
36
5
10
4
1
313
292
125
48
9
85
47
82
441
635
98
36
328
500
7
180
5
18
17
1667
418
1066
27
34
22
1123
14
31
71
62
101
118
349
73
534
347
1
3
3
77
50
5
38
23
2
81
11
1
25
11
108
19
129
1947
161
105
2
7
3
214
1
5
5
86
34
10
198
500
168
792
324
110
200
24
362
380
81
208
454
78
597
668
92
1
852
4
286
7
27
14
1029
89
9
109
25
98
2
6
1
74
618
190
25
64
11
3
13
1
233
2
17
96
95
713
45
61
46
424
491
757
10
346
84
68
3
28
381
11
1291
949
1134
14
1
63
17
100
1
12
40
19
72
28
76
45
125
233
331
41
137
5
381
244
185
1506
32
15
40
95
234
1
72
125
810
23
623
133
13
35
1
217
20
220
72
729
103
1335
1
48
135
26
1158
252
57
97
121
35
31
7
60
166
137
40
4
1
243
6
92
1637
520
259
60
33
7
43
10
101
199
32
103
51
6
1
19
41
1
27
107
2
127
4
41
14
19
458
1
114
183
172
5
197
2
380
1
22
13
46
314
4
251
2
159
177
169
106
181
123
1
4
2
258
16
258
82
83
1400
255
289
732
24
50
142
275
37
134
14
178
98
116
1444
13
250
209
368
99
19
53
37
63
392
548
80
812
47
4
28
100
1011
118
187
128
193
62
57
2574
20
73
70
547
100
30
1
141
3151
409
3
72
17
205
3
382
137
4
9
15
284
38
3
40
277
67
915
67
12
38
736
171
123
306
20
24
453
211
27
548
3
762
41
179
471
284
27
1
304
1091
1215
909
231
207
74
603
203
1367
1
765
91
100
194
183
262
193
197
298
521
448
42
367
45
140
184
10
287
217
490
25
178
73
716
32
20
314
46
272
293
99
11
1
772
89
74
92
35
352
10
61
56
24
8
2
182
2
25
1218
146
19
6166
125
91
281
4
338
68
470
173
289
180
37
356
330
6589
1
233
312
801
146
127
1
195
60
46
29
502
75
2
15
94
175
7
6
63
57
44
1
216
101
885
108
378
23
128
579
1
15
2
49
33
2
9
1743
14
20
17
27
131
21
5
1
80
7
83
41
14
135
45
2
65
5
202
16
11
9
180
238
30
755
1603
12
217
280
96
163
262
91
10
34
12
19
43
4
42
10
41
741
46
7
172
204
140
5
92
82
41
23
18
523
4525
156
271
16
30
1
90
220
538
11
12
3
1
134
343
517
650
53
330
156
47
94
103
23
105
67
1
44
1114
6
1126
358
207
152
470
65
102
4
110
12
1
1
17
1
124
447
1
164
7
1
206
3
2
6
97
174
122
1
398
221
28
131
7
10
54
120
33
15
31
3
178
404
23
442
40
86
658
63
2
94
1
1
343
174
489
214
553
164
41
10
1
12
639
10
55
97
9
27
487
1
3
35
5
5
35
76
1
47
1
168
8
8
3
328
4
135
6
531
1655
50
212
107
97
15
139
146
68
8
8
9
3
267
57
8
89
40
203
23
5
529
136
29
74
69
133
194
6
2
33
55
223
218
140
84
75
19
415
37
305
24
130
31
13
90
1
5
132
285
263
467
166
484
4
103
46
183
130
44
42
54
1
1
14
85
9
16
51
5
7
45
16
23
265
1
82
113
21
14
34
3
15
1
5
26
260
92
1
36
119
29
9
53
9
795
32
25
240
88
31
63
6
29
34
9
33
147
9
8
357
198
21
11
1
610
69
6
64
295
87
791
36
3
25
116
10
2
4
288
4
159
103
412
123
220
57
259
376
4
566
29
50
6
171
33
4
127
173
5
1
812
3
1
113
61
357
46
14
3
4
3
839
3
9
300
40
67
47
8
7
35
234
2
5
202
72
166
80
26
8
4
419
78
3
880
24
149
81
223
44
164
26
1
4
143
106
350
4
2
1
2
2
1
3
11
514
9
92
13
259
4
1
2
238
60
100
526
15
11
47
130
1
45
105
2
7
182
21
22
54
16
19
11
10
10
26
74
50
9
32
3
47
57
2
113
17
22
26
285
180
17
20
16
415
27
131
14
3
8
86
86
178
169
1
58
19
21
6
8
1
17
1076
299
5
9
3
1
1
60
33
73
19
11
1
129
1
85
20
49
10
137
66
57
1
262
17
5
105
283
95
10
3
43
406
67
39
156
136
1
73
56
1
107
43
70
11
245
38
10
36
2
207
89
23
46
1
757
310
91
34
2
56
56
84
122
104
1
19
28
23
16
15
3
15
6
7
153
4
181
3
13
1
178
31
18
73
10
120
10
85
81
2
31
16
93
219
281
44
10
7
475
60
2
30
33
2
20
67
28
6
98
1
144
674
152
13
2
341
2
36
141
123
39
90
17
1
1
81
88
6
21
35
1
3
213
67
505
130
1
51
32
7
38
6
37
8
73
3
2
34
283
113
488
55
102
21
19
65
1
363
32
1
18
38
7
268
44
114
1
1
1
308
5
295
18
20
26
14
4
230
164
3
4
313
13
220
403
3
39
324
107
45
406
370
33
304
52
3
135
2
7
21
142
166
114
173
4
3
56
29
3628
18
18
11
3
1
739
1
303
690
1
33
2
79
162
233
142
9
1
3
39
356
44
427
141
1
2
79
79
456
286
61
72
186
174
48
15
120
378
18
3
613
5
16
348
1
17
152
13
130
95
2
55
81
8
105
108
2
27
439
321
5
72
254
236
109
172
1
11
108
26
47
124
157
37
148
211
135
223
79
6
2
175
311
48
57
35
89
81
128
14
1
2
1
46
89
251
18
69
1
4
68
8
15
360
11
1
1
145
94
79
37
10
457
206
58
32
102
116
223
84
19
58
25
1
19
19
1
46
4
61
381
282
24
195
5
89
25
42
29
34
51
24
20
16
389
3
62
131
425
114
14
98
46
22
16
100
28
4
129
94
1
6
31
23
95
29
30
8
17
137
20
16
3
38
75
1
35
23
27
40
216
376
172
16
23
10
39
90
44
99
54
18
127
107
50
4
40
116
239
18
82
87
75
3
7
54
29
64
2
34
496
3
1
41
69
45
24
1
93
10
87
15
1
5
67
325
2
35
2
77
11
14
2
6
273
39
18
281
64
22
1
6
139
74
12
18
54
1
16
1
2
3
11
11
9
118
4
29
76
35
1
9
8
138
1
1
210
19
82
24
613
91
4
58
41
1
11
118
151
52
8
260
2
87
6
70
94
2
7
258
9
1
5
19
164
2
1
10
25
84
91
154
42
134
77
77
360
151
47
73
9
252
1
2
3
2
40
6
30
30
196
109
46
111
38
18
2
249
356
42
12
104
35
91
17
101
1
64
166
6
39
509
3
69
51
31
84
78
64
111
49
25
125
186
44
38
21
186
2
407
197
73
1
50
10
61
72
4
36
1
1
124
18
2
21
9
17
37
12
4
85
40
1
1
16
10
6
13
34
65
12
23
187
2
16
5
4
78
19
23
20
1
223
1
171
423
3
45
11
36
617
1
1
9
1
145
7
6
17
92
6
88
239
47
9
169
6
145
125
26
55
191
18
3
126
5
33
3
140
18
42
49
37
250
10
81
411
3
3
5
30
13
37
5
17
5
11
67
235
6
25
117
1
119
29
5
57
1
5
3
2
49
8
1
4
9
8
39
9
105
52
1
11
10
1
69
16
29
22
522
50
30
89
317
278
170
128
83
17
122
91
35
55
141
1
11
1
1
52
29
1
48
73
75
27
66
6
83
4
108
202
1
310
1228
35
86
61
80
1
129
284
60
2
52
33
13
30
39
3
58
1
6
75
10
4
26
49
117
76
4
15
58
41
5
45
30
7
1
80
1
248
9
2
35
34
120
5
209
9
100
162
3
124
137
60
1
54
124
496
40
4
1
13
1
2
11
25
3
25
257
3
54
66
25
18
35
101
57
26
184
224
59
46
20
1
483
56
1
10
71
2
6
7
131
18
7
39
34
9
221
9
20
1
23
109
115
6
6
5
117
56
1
1
210
47
45
22
6
5
10
693
168
31
1
19
4
43
17
1
1
30
1
60
3
31
33
88
3
64
7
33
17
13
331
6
51
27
46
8
75
21
38
34
18
66
7
50
15
7
57
1
61
66
32
52
8
43
3
17
253
2
1
21
1
6
7
1
14
53
98
366
187
190
26
99
58
1
1
78
160
33
8
14
95
62
17
3
44
4
2
1
178
4
1
2
1
1
39
30
29
1
8
1
52
1
7
1
1
1
231
37
23
3
5
51
45
12
14
10
63
15
17
24
416
2791
67
12
133
42
114
23
39
29
7
9
16
81
3
34
1
1
8
5
35
22
30
12
1
73
81
3
100
7
23
58
17
96
8
1
1
12
34
39
10
28
3
16
15
54
74
21
7
36
48
25
10
3
9
61
42
1
131
86
33
59
5
55
19
1
2
116
64
2
3
4
3
14
60
12
17
1
1
8
19
11
58
15
4
27
47
23
11
79
10
47
1
45
1
1
12
29
419
39
21
8
18
1
20
9
1507
13
1
2
380
5
16
32
2
122
2
2
27
19
2
2
6
21
61
12
17
49
81
1
32
125
14
122
1
27
10
27
36
42
22
12
14
122
88
35
1
2
2
238
117
2
26
166
4
1
1
23
75
20
1
9
71
21
60
4
5
9
1
211
26
5
299
79
154
1
12
12
218
2
15
113
83
31
9
28
98
40
6
57
20
10
53
437
23
8
4
1059
1
1
92
1
1
36
46
143
260
160
39
49
45
19
1
18
75
21
42
89
30
45
103
220
41
5
153
99
1
45
23
449
60
12
100
122
30
10
6
28
107
128
20
35
133
14
126
18
44
75
16
30
36
134
164
2
42
35
134
2
27
6
47
17
11
105
29
154
11
19
2
4
201
141
5
24
8
1
35
58
71
112
40
11
1
13
2
31
11
5
1
7
6
7
205
4
2
12
29
5
99
2
66
55
2
28
207
10
19
5
15
64
2
2
59
2
17
1
73
41
20
4
222
19
42
11
2
1
90
90
19
2
124
12
12
45
7
81
107
1
185
27
10
27
99
2
47
23
1
5
10
8
1
311
43
19
3
1
176
126
105
114
151
84
113
30
1
54
183
82
6
3
17
12
10
5
3
41
1
1
5
9
206
71
83
132
4
6
3
174
238
21
3
139
16
175
12
4
155
31
17
34
1
2
13
7
2
38
50
1
8
13
50
183
5
7
70
33
52
4
1
101
75
12
9
25
7
24
38
12
12
2
26
33
27
19
8
1
1
4
2
2
8
9
249
6
29
8
4
5
14
17
1
9
59
17
1
1
3
21
59
3
18
43
1
21
2
25
145
1
2
21
82
28
128
1
35
23
8
27
1
106
48
35
1
6
74
35
43
15
4
12
21
29
1
2
18
4
19
191
2
23
37
31
60
13
40
216
88
5
5
10
91
26
5
7
6
9
2
14
2
156
7
135
2
3
21
3
27
5
2
2
18
2
9
31
15
9
2
1
2
34
36
1
1
10
531
15
173
2
44
1
79
4
9
81
3
11
26
5
49
6
11
13
85
9
6
25
1
2
36
15
10
11
1
175
11
62
1
82
17
40
21
4
12
62
196
1
13
2
7
34
1
1
18
26
41
26
4
31
1
81
1
86
52
1
26
1
1
10
5
4
1
3
36
13
29
17
69
35
15
35
68
10
26
65
24
1
15
1
1
2
1
32
3
21
4
7
90
33
18
12
4
306
12
10
4
1
12
35
4
7
22
14
70
27
16
16
5
1
8
8
15
288
2
1
12
5
1
36
56
1
18
21
6
6
5
36
37
1
1
19
8
80
365
23
2
16
17
8
5
15
2
1
1
1
21
5
6
1
1
248
47
1
27
8
18
19
1
16
1
13
52
2
58
1
10
14
6
100
15
8
189
1
74
148
17
183
10
54
13
21
1
1
14
39
42
27
4
1
6
55
5
21
1
11
1
1
3
7
6
1
9
3
36
9
8
43
19
370
38
10
9
1
135
1
4
7
1
1
68
2
1
6
21
11
3
9
3
5
9
1
14
3
48
40
10
10
5
44
1
1
84
1
1
26
3
1
5
25
6
2
1
71
1
29
9
47
128
3
10
6
39
5
190
159
79
24
10
4
28
1
1
2
1
1
2
10
1
20
1
2
1
1
2
43
1
15
2
3
1
43
1
1
69
29
17
137
1
12
1
17
1
4
3
7
1
100
62
5
138
178
1
1
20
32
1
9
21
28
27
24
147
4
12
1
40
2
35
1
1
2
1
7
1
1
5
7
5
1
1
33
6
110
34
20
2
64
12
2
1
85
12
65
37
8
1
14
2
6
17
55
21
14
10
149
2515
13
23
4
47
22
33
91
4
9
22
13
1
79
2
14
10
52
10
88
1
1
8
23
3
126
55
11
4
7
130
5
2
27
1
9
219
5
24
32
85
28
36
83
4
51
47
16
7
1
9
10
11
5
13
3
4
7
14
3
33
10
37
16
39
1
3
8
27
5
6
1
163
26
3
2
9
1
9
7
74
17
9
9
15
1
1
5
1
3
40
1
1
101
1
4
17
1
68
11
7
1
1
5
4
6
24
2
1
10
44
27
40
19
1
11
1
1
8
13
4
8
2
89
23
4
8
2
1
1
95
9
7
2
3
6
3
4
7
2
22
1
70
3
8
5
2
24
1
1
5
60
4
5
2
17
5
17
1
1
1
129
1
13
10
2
3
17
2
5
3
3
2
38
164
4
2
2
2
32
9
2
4
14
24
2
49
8
1
11
1
29
4
67
1
1
6
1
30
62
63
52
36
44
12
118
20
19
4
5
56
5
1
17
4
2
11
2
1
45
1
1
11
11
55
32
27
5
27
11
11
5
2
8
14
26
73
28
2
1
23
4
1
3
30
43
22
103
36
1
4
3
4
4
2
1
6
2
2
4
22
67
9
17
41
8
43
64
17
12
35
3
137
1
127
1
3
1
8
1
1
6
1
1
2
11
1
6
2
15
2
1
2
1
1
2
1
3
1
9
2
27
1
1
19
26
1
32
4
7
1
21
3
1
5
404
29
11
9
8
1
5
93
49
4
5
18
17
28
4
3
11
11
2
37
28
2
54
29
20
6
19
5
19
117
1
14
24
24
3
16
1
1
1
16
2
1
16
5
1
60
1
3
3
1
2
50
23
1
6
7
16
5
11
2
6
1
3
14
4
4
8
8
5
8
38
8
1
1
16
1
16
2
16
40
3
8
21
14
6
3
5
2
1
20
4
7
63
102
1
1
8
3
1
1
13
18
7
109
123
42
2
14
4
33
10
21
78
4
58
4
32
11
27
2
1
1
1
15
16
1
4
16
1
1
5
14
20
22
5
6
5
44
1
4
5
21
34
1
23
3
5
6
78
11
5
1
1
2
26
21
1
21
15
5
6
3
28
21
8
74
18
54
38
45
21
18
16
17
34
1
64
1
1
14
1
11
132
3
133
38
1
77
1
1
13
6
16
3
3
7
1
46
45
2
3
32
7
4
63
45
19
1
6
10
14
5
11
10
1
1
14
1
1
4
121
1
87
34
34
18
12
26
8
1
1
19
9
3
1
2
1
56
1
16
6
9
109
7
164
20
48
8
5
32
5
1
1
37
24
51
1
6
27
6
11
9
9
7
77
1
1
13
8
24
1
6
2
15
2
6
1
4
1
1
18
1
23
1
1
35
6
1
1
2
11
3
1
1
2
1
75
46
1
16
7
2
16
1
1
6
1
5
1
1
2
5
4
41
26
1
3
8
9
29
13
1
31
102
5
3
59
18
5
24
1
1
10
40
28
5
16
2
7
11
6
11
3
4
4
4
1
71
13
22
1
1
2
27
33
19
16
10
34
22
1
4
1
13
9
26
1
3
82
1
1
1
11
1
1
9
15
32
1
3
11
22
1
12
99
25
30
8
45
2
38
1
1
3
11
4
211
43
3
4
1
6
9
57
62
13
6
58
2
46
265
20
51
76
13
2
3
7
1
24
4
310
56
8
2
1
1
10
1
2
34
41
1
2
88
24
7
19
3
18
1
58
20
18
1
1
1
17
7
3
1
2
1
63
2
1
3
5
1
3
1
1
1
13
88
104
92
361
6
2
10
83
21
5
62
2
40
1
2
1
1
2
2
1
8
1
2
1
2
1
3
1
17
1
35
69
18
3
1
11
1
12
3
2
1
6
54
1
1
2
36
5
43
69
7
34
65
1
21
9
78
11
24
151
5
24
15
20
797
5
4
10
24
1
941
4
3
37
1
16
3
2
29
2
21
81
18
8
4
1
8
10
19
2
69
16
5
1
12
25
3
6
14
2
6
30
37
28
41
16
1
16
2
13
1
1
9
3
1
38
1
18
3
7
14
8
6
14
3
27
35
10
1
40
40
36
3
19
1
33
7
1
5
28
58
81
16
3
14
2
21
22
25
4
8
1
86
41
12
1
23
9
2
1
50
15
1
20
1
31
14
9
1
2
33
71
5
8
1
1
1
2
11
19
1
5
3
1
55
7
14
1
47
1
80
18
6
45
31
3
28
3
30
1
1
22
1
39
15
4
15
32
14
94
6
25
6
22
1
16
39
1
7
3
1
5
28
33
1
2
104
82
4
10
69
27
42
1
1
4
1
2
11
2
2
15
53
11
10
3
1
80
1
2
2
21
19
4
21
9
339
1
15
24
76
109
1
23
49
4
23
11
8
2
3
1
626
1
32
1
1
9
1
1
7
17
1
18
1
10
2
2
2
4
2
37
32
24
7
3
1
8
1
5
55
20
7
15
1
2
1
1
1
10
4
2
18
97
28
10
6
13
53
55
8
1
13
8
1
3
1
21
77
1
36
30
5
3
8
5
21
33
8
2
2
1
1
7
72
8
1
3
1
4
5
12
1
46
6
1
5
7
1
15
1
1
7
2
3
1
2
18
7
11
25
1
79
1
1
1
1
6
12
7
27
1
18
35
21
5
9
8
6
5
15
2
3
14
139
14
2
30
10
2
17
1
3
33
3
1
4
2
15
1
24
16
33
12
33
2
18
22
8
11
1
13
1
7
24
1
32
9
1
30
18
32
6
1
17
5
1
2
36
4
6
1
13
24
66
58
2
1
4
1
2
35
50
32
78
21
12
53
9
1
24
15
20
6
2
1
10
2
2
6
7
10
1
2
24
2
2
1
1
14
6
27
7
1
11
4
17
1
7
7
1
3
1
2
5
8
5
2
2
50
9
1
1
11
140
5
3
288
1
4
2
2
1
1
11
87
3
10
8
26
1
19
1
4
1
22
3
7
9
4
1
4
42
1
23
1
158
82
47
24
4
96
1
215
2
11
43
13
11
2
8
32
1
2
1
22
1
2
5
1
3
7
7
60
46
1
33
82
54
63
15
3
3
16
7
8
8
24
2
4
36
6
3
1
4
5
1
8
11
27
7
30
28
8
7
18
6
1
14
2
4
15
5
7
1
2
1
2
6
9
28
23
1
4
55
3
1
9
2
13
32
21
1
10
23
20
53
1
4
17
77
52
3
14
13
7
24
17
1
31
3
1
17
2
2
1
4
30
32
8
13
2
7
10
12
1
1
15
2
5
2
1
1
1
13
9
24
5
37
6
24
24
1
23
9
8
4
5
22
11
1
15
5
8
15
5
1
58
7
1
8
20
29
22
1
1
66
19
1
4
53
2
20
9
62
1
4
2
11
2
7
25
3
1
18
1
7
47
10
1
89
58
1
8
49
1
23
10
2
14
1
2
1
8
4
2
9
19
9
7
7
1
4
1
1
1
6
1
17
2
1
1
2
1
11
1
49
10
12
1
11
1
2
1
1
1
2
27
5
137
4
14
10
11
4
2
1
4
15
1
6
42
38
1
4
48
2
1
8
8
2
1
23
1
1
38
21
2
13
1
2
1
6
53
2
10
57
47
1
1
3
6
6
6
5
2
2
7
3
2
2
604
1
1
12
58
5
47
8
16
5
19
1
1
13
1
74
1
2
2
3
13
13
12
9
9
22
6
1
91
1
3
4
1
7
23
4
9
3
3
2
14
14
52
3
21
8
27
61
1
8
4
1
2
13
23
11
3
10
2
7
66
2
10
4
8
25
4
15
1
14
19
56
450
9
2
2
24
29
14
1
24
1
49
2
2
3
3
12
82
34
30
45
3
29
6
21
6
5
2
49
1
8
10
1
2
4
3
2
22
1
215
52
11
48
2
1
1
3
13
7
1
2
76
5
5
1
1
2
1
16
8
28
1
21
26
34
1
6
5
1
1
1
1
1
65
10
1
2
1
10
20
11
10
8
11
197
49
4
6
4
1
4
1
19
1
5
6
18
2
55
7
6
6
12
3
2
3
3
85
12
13
44
1
3
2
50
46
1
5
2
4
38
13
14
6
22
160
25
4
7
1
5
1
7
1
17
6
11
2
42
9
7
3
1
9
4
4
1
1
10
1
1
17
6
1
1
1
1
1
1
29
25
7
21
5
1
11
10
26
17
3
1
5
1
11
2
14
8
4
37
2
2
11
6
1
1
1
4
3
2
1
1
3
16
3
4
2
9
45
1
1
1
53
11
63
1
1
1
1
6
3
1
1
7
1
1
1
1
2
3
5
1
1
2
8
1
1
30
37
44
68
2
75
33
1
1
1
3
37
48
1
43
1
49
1
12
1
1
6
11
4
3
4
20
57
12
6
1
41
2
1
16
24
2
7
28
1
3
38
24
6
1
8
1
2
1
1
10
2
2
7
31
135
1
3
7
29
1
2
1
9
26
1
3
1
32
16
29
3
7
35
3
6
1
4
7
13
5
9
3
33
11
11
1
1
4
1
72
8
6
11
6
58
4
57
6
21
4
10
297
17
87
4
1
1
3
21
6
8
1
2
5
4
1
14
1
3
2
1
9
1
69
4
16
41
17
42
2
4
3
1
19
4
1
36
3
8
21
1
1
1
6
3
1
24
7
3
1
7
22
11
27
5
1
15
6
1
1
7
6
1
2
4
12
1
1
7
13
10
1
13
1
3
1
2
6
46
10
7
1
13
5
3
3
12
49
24
25
8
1
19
60
1
2
20
3
1
17
1
8
37
1
6
1
4
24
3
1
16
8
2
1
17
17
1
1
1
1
1
15
18
7
87
3
44
7
1
69
7
5
9
1
1
1
6
1
6
18
1
6
3
4
80
1
4
5
4
4
3
3
3
7
1
1
1
2
4
7
3
5
1
4
1
1
38
3
1
1
13
1
2
83
7
1
17
22
2
1
3
15
1
2
3
1
1
4
1
17
1
1
1
2
30
22
1
14
1
7
13
2
1
3
1
4
37
29
1
1
2
7
1
224
1
8
3
2
1
6
1
23
5
8
27
2
2
32
1
2
2
3
18
6
1
5
8
24
17
3
3
38
22
7
193
1
1
19
5
4
31
3
1
23
2
3
35
36
8
43
4
13
14
2
1
1
2
30
10
1
46
1
7
1
2
1
2
1
85
13
4
1
82
1
1
62
4
9
26
1
1
1
26
10
2
1
2
17
4
2
1
1
1
1
1
1
3
1
1
14
9
1
11
2
5
37
5
1
2
104
11
59
3
53
16
5
32
8
1
12
8
6
4
2
40
1
7
3
10
2
52
3
2
3
22
34
14
4
6
17
4
2
4
2
40
1
2
148
11
1
52
11
1
2
3
5
134
4
4
5
6
2
18
7
6
25
11
1
10
34
1
13
2
1
11
3
2
1
5
2
26
1
4
24
8
4
15
1
14
3
1
1
12
42
3
4
1
1
1
1
1
2
1
4
130
23
23
6
24
8
1
7
5
1
7
16
2
13
10
1
9
22
41
1
10
11
11
622
63
1
20
17
66
36
12
3
1
8
6
3
2
4
53
10
30
1
15
40
35
29
35
2
2
16
10
1
10
1
1
1
1
1
3
32
1
1
1
19
3
20
1
1
3
6
3
42
1
30
1
5
1
2
8
9
9
14
1
17
2
8
1
6
12
3
1
2
105
4
2
1
1
28
2
1
2
3
8
25
1
26
1
54
4
6
1
1
13
9
3
25
2
6
1
1
3
2
22
1
15
1
4
64
7
2
3
16
2
44
12
1
4
2
2
2
8
1
2
12
2
15
9
35
4
2
1
11
2
3
12
1
1
1
2
1
7
36
1
5
3
1
1
42
21
5
19
4
2
5
19
8
5
5
20
32
1
62
8
89
2
11
3
40
1
7
15
2
1
1
4
6
7
6
28
1
1
20
7
3
1
3
3
1
4
29
53
2
9
5
1
8
17
1
5
14
1
3
1
1
1
1
1
6
2
1
3
1
35
11
6
28
3
1
1
1
2
4
1
4
2
1
5
4
1
22
6
1
3
5
12
2
2
1
1
33
16
6
1
1
58
3
22
1
1
1
1
1
2
1
1
1
3
2
1
34
52
32
34
4
27
1
2
2
1
2
26
15
14
2
23
2
1
7
19
1
1
8
46
1
61
6
1
3
45
22
3
1
15
6
6
2
1
7
16
10
1
10
1
1
1
12
1
1
15
3
2
1
1
1
2
2
1
45
1
15
52
41
1
1
50
5
7
2
26
8
1
168
29
2
1
1
2
11
1
6
1
3
8
4
1
31
10
22
5
43
37
2
13
4
9
5
1
1
1
1
2
8
11
346
48
1
10
1
82
6
19
1
1
1
3
1
1
4
1
1
15
17
6
10
1
15
17
4
5
5
1
9
1
3
2
1
1
8
101
12
7
2
92
3
6
16
1
1
2
5
12
2
16
12
1
1
6
12
1
29
2
5
14
1
4
3
3
10
10
6
1
1
5
6
39
7
2
4
7
1
54
1
9
1
3
5
12
1
2
1
27
4
7
6
6
1
24
10
3
2
5
2
1
18
32
1
29
206
4
1
10
7
67
30
28
46
1
1
6
16
2
18
1
6
2
15
1
2
1
2
1
25
2
3
1
282
3
1
2
1
2
2
1
7
6
2
1
23
4
1
5
4
15
2
93
7
2
6
9
4
6
6
4
5
19
19
7
2
6
13
21
14
23
1
3
3
13
2
2
4
1
11
4
3
2
1
10
4
1
1
1
2
1
1
20
1
5
1
1
6
5
4
1
1
1
5
1
1
1
5
1
1
9
47
11
47
16
9
1
1
34
33
17
5
1
1
9
2
1
1
1
11
1
1
4
3
1
10
14
2
23
1
27
7
41
1
52
3
1
1
2
21
4
24
17
3
2
26
1
1
1
1
1
5
1
7
1
17
1
2
1
6
1
6
3
12
8
4
5
5
3
11
2
4
1
31
1
1
1
1
1
2
1
14
1
1
2
6
1
4
1
2
5
3
1
9
6
13
2
17
5
1
16
1
6
2
7
8
5
17
2
21
1
78
20
1
7
5
17
1
2
4
7
6
3
3
2
6
8
3
9
1
1
1
1
1
14
2
1
3
378
93
21
1
1
1
12
67
1
1
10
16
11
11
49
22
6
8
35
4
1
1
1
1
1
1
1
1
1
1
12
20
1
2
2
3
4
3
2
2
1
41
1
74
4
10
5
1
15
3
13
10
3
19
1
1
1
4
1
1
1
2
3
57
2
25
2
98
1
1
2
13
1
3
12
2
5
2
1
1
2
7
1
6
1
14
1
19
9
5
1
1
1
1
3
1
9
20
4
1
12
1
1
1
2
7
1
8
35
4
23
1
1
2
1
7
7
5
2
3
29
21
10
29
1
2
1
2
1
1
48
3
5
10
14
2
7
1
1
1
25
1
7
5
2
1
3
7
1
1
12
5
18
2
1
10
4
1
1
2
1
4
8
9
1
1
1
1
2
22
67
1
4
96
27
8
2
2
8
1
2
14
54
10
49
7
2
19
1
1
3
4
1
1
4
1
1
2
124
1
4
1
67
1
1
1
19
7
7
20
21
6
4
2
1
1
14
1
12
2
1
7
2
1
4
3
12
1
13
17
34
7
36
11
2
2
2
13
2
1
239
1
7
2
3
1
5
12
5
2
1
1
7
27
40
26
13
1
1
43
10
1
1
1
2
1
17
1
1
2
9
33
2
1
1
1
36
1
1
1
11
2
2
2
1
1
1
1
1
1
2
10
4
1
1
1
1
7
1
1
1
2
9
1
39
1
6
3
2
20
3
18
1
3
11
5
1
11
2
30
16
1
4
4
3
4
1
5
1
23
2
16
1
1
2
3
7
5
6
2
11
7
1
14
1
4
1
3
1
1
2
26
6
1
7
17
4
1
6
1
2
1
1
7
3
3
1
14
3
2
133
1
3
11
1
1
1
1
50
1
4
3
1
2
35
1
1
2
5
6
11
1
4
1
3
14
12
3
3
5
2
3
1
7
3
9
11
2
17
2
2
1
9
1
1
9
1
2
3
8
18
23
1
13
1
1
1
5
4
13
2
2
35
1
1
1
3
54
30
4
20
1
8
1
13
2
5
3
3
1
9
6
5
1
1
8
1
1
85
3
1
2
7
5
12
79
2
2
8
1
4
18
3
5
1
15
2
42
1
3
37
2
1
1
1
1
1
2
1
4
1
19
6
5
1
24
6
13
2
24
17
10
31
1
2
5
2
1
1
1
1
1
1
1
36
14
2
3
9
9
6
1
4
10
1
15
8
2
35
2
1
2
2
1
1
1
2
3
2
5
7
5
5
5
5
16
5
1
6
6
1
3
80
31
1
1
2
117
5
1
1
1
4
37
131
3
2
2
3
3
51
6
8
5
1
2
9
10
2
4
11
5
85
3
1
8
2
1
1
2
1
8
1
5
1
2
1
1
1
1
3
1
5
2
1
1
1
2
1
9
2
2
8
2
11
19
4
2
2
2
7
15
4
10
3
1
14
1
1
7
2
1
9
13
5
12
5
14
4
10
19
1
3
68
2
1
1
1
1
6
2
1
1
24
12
4
1
1
2
6
1
8
1
2
2
2
6
5
1
1
1
2
6
5
10
8
8
1
5
2
1
1
3
1
6
4
19
1
2
1
1
2
1
1
4
3
6
14
1
1
1
19
1
1
1
1
1
1
1
1
672
1
381
1
4
21
9
1
2
82
1
12
1
4
1
6
26
14
17
118
4
9
9
8
10
15
1
8
1
16
11
7
9
3
10
7
4
6
2
1
1
1
1
11
2
1
1
1
25
1
2
8
1
1
1
1
25
3
1
20
1
1
2
2
3
1
2
1
14
1
2
5
2
10
1
4
4
1
9
4
12
2
9
3
10
1
1
2
1
13
1
12
2
4
1
1
1
3
5
1
1
3
1
2
1
8
2
5
7
2
2
4
1
1
2
1
1
1
30
1
1
2
20
3
9
7
1
2
8
1
1
2
1
2
17
7
1
5
7
1
8
1
5
10
12
84
2
6
1
4
11
2
1
1
1
1
31
2
1
1
1
7
1
18
2
1
1
1
1
3
2
1
11
1
1
6
1
21
2
26
1
1
1
1
1
3
6
3
7
1
6
4
92
1
1
3
27
1
1
1
1
1
2
1
1
1
1
3
13
1
5
1
1
1
7
6
1
13
1
5
3
2
4
2
1
9
2
1
14
1
1
6
3
2
12
2
5
3
3
17
5
8
8
6
5
4
23
28
2
1
8
1
7
1
2
1
1
22
10
1
1
8
3
1
1
2
1
1
3
1
23
1
1
1
1
57
1
2
13
4
1
1
49
6
1
5
35
1
4
272
38
44
5
8
11
57
4
16
1
1
6
1
1
1
11
9
3
2
1
2
27
3
6
10
2
1
6
2
8
9
1
9
2
8
3
3
23
10
2
1
1
16
3
1
6
2
13
3
1
47
13
4
3
1
8
1
19
2
16
4
1
1
3
1
8
36
1
1
64
11
19
63
6
1
1
7
5
5
6
1
1
2
18
8
2
9
2
4
1
1
3
1
9
14
8
2
1
30
1
1
1
5
1
1
1
8
11
2
9
16
6
128
1
14
2
1
1
1
12
29
1
1
1
1299
2
63
1
12
1
1
11
7
3
3
23
17
21
2
1
1
1
40
1
5
2
6
27
2
119
1
1
16
1
3
21
1
48
1
4
2
4
1
5
1
1
7
41
3
47
2
4
17
12
1
25
4
16
1
1
1
2
1
7
1
2
8
22
1
73
1
2
1
6
2
19
2
6
1
4
1
1
1
3
8
11
1
1
2
37
2
1
1
5
4
15
14
40
7
1
18
13
1
9
3
8
3
7
8
2
10
2
2
3
10
17
9
1
1
1
1
7
74
1
2
1
2
6
2
6
36
2
3
3
170
2
3
1
72
1
4
99
1
1
2
10
6
1
17
1
1
1
7
1
1
10
3
6
1
13
15
2
1
11
1
5
1
1
1
6
3
6
1
11
1
1
1
17
2
30
1
1
1
6
3
5
5
1
1
1
1
2
10
1
13
2
3
11
13
16
1
1
1
25
33
43
6
38
2
2
1
3
25
6
1
1
1
1
2
1
1
3
23
13
32
5
1
1
5
8
2
1
3
1
1
1
10
8
1
1
3
5
10
2
8
8
10
18
1
2
4
3
1
1
50
4
10
11
2
2
1
1
24
2
2
1
10
2
3
3
1
1955
18
13
8
1
1
1
8
8
49
6
4
1
8
1
8
1
1
2
1
3
6
1
2
2
1
32
28
1
3
11
1
12
2
19
12
7
2
1
8
6
1
35
12
1
3
17
16
17
2
9
13
3
6
22
1
1
2
4
1
1
2
8
4
1
1
15
1
20
2
1
4
1
5
11
4
17
9
1
16
2
1
1
32
3
5
1
5
1
1
3
1
3
1
1
1
2
1
219
11
10
1
15
1
1
2
1
1
1
6
52
4
9
1
10
1
1
1
69
6
1
9
1
1
1
18
2
3
1
2
32
2
3
2
29
3
1
11
1
1
53
2
2
1
2
9
1
1
6
78
24
31
3
1
8
1
5
1
4
4
2
2
244
1
1
7
10
4
1
2
2
10
1
6
2
1
1
2
1
6
9
6
4
1
1
1
1
1
1
18
13
4
1
1
1
2
3
1
1
1
1
3
1
11
1
15
3
2
1
1
2
34
1
3
5
9
1
1
1
1
1
10
1
2
1
2
1
4
13
3
33
1
4
6
1
1
1
1
18
6
17
1
18
1
1
2
8
1
1
4
1
2
1
5
2
1
3
3
5
1
96
18
1
12
2
1
31
8
3
5
4
1
1
11
12
1
1
1
1
5
8
2
4
2
6
20
1
1
2
1
1
6
2
2
1
17
5
2
3
3
118
2
3
5
1
2
2
2
15
34
9
11
1
1
8
1
1
1
2
1
1
1
1
1
1
3
1
1
5
22
27
1
2
1
1
1
1
2
2
8
2
11
6
1
1
15
1
1
1
1
26
3
18
13
3
1
3
6
1
2
10
2
7
3
4
1
1
12
5
1
10
1
1
1
2
25
9
4
2
2
1
1
3
2
3
1
1
1
10
22
1
1
1
1
1
8
1
1
1
2
1
1
1
3
1
37
2
7
16
9
6
2
1
22
1
1
14
2
34
11
3
3
3
1
1
2
3
1
11
5
2
1
15
63
1
3
31
8
2
1
7
1
1
1
1
3
1
11
1
4
2
10
1
1
2
1
1
15
1
2
5
1
1
3
11
1
42
33
1
1
1
2
2
2
17
1
4
1
1
1
3
9
2
2
1
1
3
1
4
1
2
1
7
7
1
1
39
1
1
2
18
4
8
1
2
1
9
1
2
6
2
1
1
12
3
54
5
1
38
2
10
2
1
1
5
1
1
1
1
1
13
1
1
1
1
16
2
2
6
1
1
4
1
6
14
4
2
3
2
1
1
2
2
1
1
2
2
1
5
21
9
6
2
10
1
1
2
2
2
1
1
1
1
6
1
8
1
33
29
5
2
9
3
1
1
3
1
2
1
1
1
5
1
14
2
1
1
1
1
6
4
2
1
4
8
1
16
3
8
2
2
10
13
1
3
10
66
6
1
2
1
2
17
7
3
6
6
1
23
1
28
1
1
1
1
1
1
1
1
1
80
9
7
1
2
1
20
3
1
6
8
2
1
1
10
27
2
1
6
3
6
1
14
15
26
4
2
44
49
1
4
1
2
1
3
2
1
3
1
11
1
1
1
1
1
2
5
1
4
1
1
2
1
19
1
1
1
1
9
5
4
1
5
4
2
1
1
1
12
2
1
2
1
2
6
397
1
4
29
3
131
47
4
2
2
1
1
1
2
1
1
2
1
1
4
10
1
7
3
12
10
1
1
3
1
1
5
1
1
4
5
1
1
1
1
4
8
3
1
3
4
1
1
1
1
1
5
26
111
1
6
1
1
1
1
1
3
1
6
10
1
5
1
1
1
1
51
7
4
3
1
1
1
37
1
2
14
64
3
2
7
6
2
2
1
8
2
1
1
11
4
7
42
9
18
1
3
1
11
25
1
1
1
1
12
3
1
42
1
3
4
27
2
1
4
2
16
16
6
38
3
1
1
12
9
5
2
1
9
8
2
21
2
105
2
10
1
3
30
1
2
7
1
1
4
9
2
1
3
2
9
1
2
1
9
1
1
40
3
1
4
4
1
2
1
1
1
12
2
1
1
1
1
1
1
1
3
1
1
2
8
9
23
1
1
8
1
2
1
11
1
4
1
1
1
1
18
8
1
6
1
2
3
4
1
4
2
10
1
1
2
1
18
32
2
1
7
33
4
3
2
8
1
3
6
2
1
2
1
1
1
16
3
3
9
2
7
11
6
2
5
4
1
9
1
1
3
1
1
8
4
6
1
2
2
4
1
29
1
6
5
46
9
3
1
2
1
1
2
1
1
1
1
2
6
10
9
1
6
13
17
1
16
2
3
17
1
1
1
4
3
2
2
1
1
10
16
11
4
3
11
2
6
2
2
1
3
20
4
2
4
10
2
2
2
1
1
1
1
1
1
42
1
1
16
1
1
1
2
1
7
1
5
3
1
17
4
3
6
2
14
1
1
1
9
1
5
1
1
1
1
1
1
7
6
1
1
1
1
19
91
10
11
2
25
8
23
1
6
28
8
5
21
1
34
4
1
2
1
22
1
1
1
1
1
1
1
1
1
25
2
1
1
1
1
1
8
18
1
1
2
1
31
47
4
2
3
1
3
1
2
4
1
1
8
2
4
1
1
3
1
3
2
3
9
56
3
1
1
1
4
2
1
1
1
2
6
4
5
9
1
2
4
4
7
43
1
13
1
3
1
1
29
11
10
1
3
146
18
1
13
1
1
1
1
2
1
2
1
1
7
3
1
1
5
27
1
9
1
2
22
199
1
1
1
3
40
2
6
2
2
1
20
7
1
1
1
11
3
4
1
1
1
16
2
1
1
1
1
1
2
1
4
2
5
1
7
1
1
6
1
6
3
2
29
3
1
1
6
1
1
5
2
4
1
1
1
1
1
1
4
1
1
3
6
1
7
7
3
2
1
2
1
1
11
3
2
1
1
3
1
1
5
7
4
1
6
2
1
1
3
13
1
1
4
1
1
2
1
12
3
27
1
1
1
1
1
2
1
6
3
1
1
1
1
1
2
1
1
9
2
13
3
1
3
7
2
1
1
1
1
1
1
3
1
2
1
12
6
4
2
1
1
1
8
2
9
3
13
3
1
1
106
4
1
3
1
11
4
1
1
1
1
1
3
1
1
1
1
306
1
2
1
3
1
1
1
1
2
9
1
1
1
1
1
2
1
10
1
1
7
1
3
1
4
4
2
10
2
18
1
6
16
2
10
3
1
223
1
4
1
6
1
2
2
1
26
22
7
1
7
23
3
11
3
8
2
2
3
1
5
4
1
7
1
4
1
1
1
17
1
1
1
2
2
6
1
1
9
1
1
3
1
4
2
54
1
1
5
12
28
2
2
1
1
1
1
1
10
29
6
18
1
8
1
1
1
1
1
4
1
2
8
1
2
1
3
1
1
1
2
1
4
1
6
14
16
1
2
1
1
1
2
11
3
10
4
2
3
25
34
1
7
43
108
2
4
6
1
3
5
3
2
1
1
6
1
33
2
1
2
3
9
3
16
3
1
10
3
1
1
1
1
1
7
6
4
3
2
1
2
16
1
1
3
2
6
2
1
1
1
1
1
5
1
2
1
13
3
1
1
1
10
2
1
16
21
97
7
2
1
1
2
1
10
1
14
6
4
1
6
2
6
1
1
5
2
3
1
1
1
1
23
13
1
1
3
8
1
9
8
57
2
1
5
1
3
1
1
2
1
3
1
1
2
5
1
1
1
1
5
5
18
1
1
1
1
33
1
28
9
10
7
2
1
2
1
34
1
1
8
1
3
1
7
12
12
3
1
3
1
2
1
13
1
7
2
2
5
1
1
1
3
4
1
1
3
1
76
21
1
4
2
1
1
1
1
1
1
19
1
4
1
1
2
1
1
1
1
1
4
2
9
3
2
3
1
2
6
8
4
6
1
2
1
3
13
13
2
8
3
2
2
1
5
5
1
1
3
1
3
3
2
2
11
1
1
2
2
20
4
4
6
1
3
1
1
2
2
1
8
14
5
1
1
18
2
38
1
4
906
2
13
1
1
1
2
1
8
1
1
8
4
1
1
1
5
10
1
1
1
2
1
4
6
3
2
27
1
14
2
1
1
1
1
1
3
1
1
2
1
8
3
2
3
8
1
6
8
4
1
1
2
2
1
1
18
16
1
3
11
9
7
13
5
1
2
1
1
29
3
1
1
2
9
1
8
3
3
1
1
1
4
5
1
1
3
2
1
1
7
1
29
22
1
1
1
1
2
1
1
28
6
1
6
5
1
3
1
2
2
4
3
7
1
9
1
1
1
1
3
1
3
1
1
1
2
1
3
1
1
1
1
14
7
1
43
5
11
46
1
3
2
10
21
1
1
1
6
18
3
1
1
2
357
1
2
4
3
1
5
1
1
1
2
1
7
2
2
4
1
1
3
1
1
5
21
1
4
1
1
4
1
4
1
3
3
4
1
11
2
1
1
5
3
3
1
10
8
1
1
17
1
3
7
24
1
5
23
1
1
1
6
1
4
4
3
8
1
1
1
1
1
1
2
26
1
1
17
2
1
2
1
1
1
2
2
2
9
2
1
1
1
9
8
1
14
1
3
1
1
1
1
1
1
1
1
1
4
6
1
3
2
20
1
11
24
5
1
1
1
2
2
1
2
1
92
1
9
1
10
8
1
2
1
1
1
9
14
10
12
1
17
32
1
1
1
1
2
49
1
14
2
3
4
1
1
1
1
173
2
1
7
8
9
1
1
9
1
3
2
2
1
1
1
25
1
1
1
10
3
1
1
3
2
8
4
1
28
4
3
7
2
9
1
2
1
5
1
1
1
1
2
2
1
1
1
3
10
2
1
2
2
4
1
1
1
2
5
1
1
2
2
1
2
1
3
4
1
11
27
1
6
2
1
4
5
13
6
7
3
1
5
1
1
1
1
3
6
3
48
1
2
7
1
46
4
5
5
1
3
3
1
103
12
1
1
1
2
1
1
1
2
1
6
2
1
1
6
3
1
1
2
2
17
1
2
1
1
1
30
3
1
2
2
1
1
1
1
1
1
1
3
1
1
3
129
1
2
24
2
2
7
1
1
1
1
1
1
2
1
29
5
1
1
1
4
1
1
2
1
1
18
3
1
1
1
33
1
1
25
10
1
1
1
2
15
1
1
3
1
1
1
4
1
1
1
1
1
3
3
2
8
1
1
1
1
1
1
1
1
1
1
1
88
1
1
1
1
2
4
1
1
1
1
6
2
2
2
1
9
1
8
1
3
6
11
42
1
1
210
2
15
1
4
2
2
6
1
3
4
1
1
1
2
1
7
1
1
1
1
2
1
1
1
2
3
1
13
2
1
1
1
1
1
1
1
12
1
1
4
1
4
2
3
1
1
1
1
2
4
6
1
1
1
1
3
13
1
8
5
1
1
18
1
15
1
3
1
1
4
1
4
1
1
1
2
1
1
5
1
1
16
2
1
1
2
5
7
1
2
2
3
5
5
1
1
18
11
1
1
2
2
1
1
1
1
2
2
3
2
1
1
5
1
8
3
1
3
1
1
3
1
1
1
4
1
1
2
23
5
1
1
1
1
1
1
1
4
41
1
9
1
1
1
3
1
2
1
1
3
7
1
2
1
1
2
10
1
12
2
3
1
1
3
33
1
1
1
1
159
1
44
1
5
1
1
1
1
1
1
3
82
3
1
9
1
2
1
3
14
19
8
1
1
1
1
1
1
1
1
1
42
1
1
3
2
40
2
1
1
2
1
1
2
1
1
2
1
1
13
1
1
2
56
2
5
3
2
4
4
1
54
1
1
3
1
1
1
1
1
1
1
8
18
1
1
1
100
1
3
2
1
2
1
4
1
1
1
4
1
4
1
1
1
1
3
5
1
1
1
1
4
7
5
5
1
1
1
1
1
1
1
6
1
1
1
2
1
112
1
2
6
1
3
4
6
1
1
1
35
6
33
1
1
7
4
1
1
4
2
1
1
1
1
1
1
1
2
11
33
44
1
2
9
1
1
2
1
1
5
4
2
1
7
7
51
8
45
1
1
4
1
1
1
3
2
21
29
1
1
1
1
1
1
29
2
3
152
47
1
1
10
1
1
1
6
3
1
5
2
1
1
10
1
2
1
6
3
12
2
1
2
2
11
1
1
1
2
7
1
5
1
1
8
1
2
6
2
1
18
1
1
22
2
1
3
4
1
8
1
6
1
1
7
2
3
1
1
1
1
1
32
1
17
13
1
1
7
3
28
4
1
1
1
2
6
1
1
1
3
1
1
3
1
1
13
4
2
1
1
2
1
1
2
1
1
3
1
2
1
1
1
1
2
1
1
17
25
3
3
3
1
1
1
2
144
1
1
1
1
1
1
1
1
2
1
2
16
2
6
2
3
1
1
1
1
1
8
2
7
2
2
2
8
1
1
1
3
3
1
4
3
1
2
1
1
1
2
1
1
1
4
1
1
1
4
1
1
4
5
1
1
4
1
1
5
1
1
1
1
3
1
1
1
4
4
26
1
2
1
5
2
1
3
1
1
1
1
5
5
2
1
6
1
1
2
1
1
2
2
1
1
1
1
1
10
1
3
2
1
1
3
1
11
7
2
5
1
15
3
6
1
1
1
1
3
1
1
3
13
29
15
7
1
2
1
10
1
5
1
1
1
2
1
3
1
4
2
1
1
1
2
1
1
4
1
4
1
4
1
1
1
1
1
1
1
1
1
1
1
1
1
1
1
1
7
1
3
1
2
1
1
1
2
1
5
1
1
1
2
12
4
2
1
1
1
1
4
1
1
1
1
1
6
1
1
3
11
1
7
1
1
1
2
12
6
3
1
1
2
1
1
1
1
3
44
1
1
8
2
1
1
1
1
1
1
1
1
2
111
19
10
1
1
1
1
1
22
1
1
3
1
1
1
1
13
1
3
14
3
1
20
4
1
1
1
1
41
1
1
5
1
1
1
1
3
4
1
1
2
1
1
6
35
1
1
1
2
1
1
1
2
5
10
5
4
10
133
273
2
1
1
1
3
1
2
1
1
1
7
1
1
3
2
12
7
3
2
4
1
1
2
2
4
1
1
1
4
17
2
2
10
4
17
2
167
2
1
18
1
1
4
16
1
1
9
1
1
3
3
1
9
28
1
1
7
6
2
2
2
9
1
4
6
1
1
1
1
1
1
2
1
1
3
1
1
1
1
1
18
8
1
1
12
25
1
1
1
3
9
2
2
2
3
1
1
1
1
2
8
3
14
5
11
4
2
8
1
1
17
1
10
4
4
14
1
3
1
62
1
1
1
1
1
1
2
5
3
1
9
2
11
6
5
1
1
12
2
2
37
6
189
5
128
9
1
7
1
1
1
1
1
1
1
1
1
1
3
1
1
14
2
1
11
8
29
2
2
1
4
15
1
1
1
1
1
3
1
11
2
4
8
11
1
2
8
2
1
5
3
2
2
1
1
4
1
3
1
34
2
1
2
2
31
2
1
1
2
1
3
3
3
1
4
6
2
7
60
2
1
29
2
4
1
7
1
1
1
2
2
2
1
1
1
5
1
1
2
1
1
1
11
1
1
1
6
2
2
2
1
3
5
4
1
7
11
1
3
2
3
2
32
1
2
311
33
2
1
1
1
3
4
1
1
1
1
1
1
2
1
5
1
1
1
1
3
1
53
3
1
3
1
5
6
2
1
1
1
4
2
1
1
1
1
1
1
1
1
1
1
1
3
2
4
20
3
36
2
3
3
2
1
1
10
1
1
1
2
1
1
1
3
1
1
1
1
52
9
3
4
1
2
29
5
5
2
3
10
1
1
10
10
3
1
1
2
15
1
3
1
23
1
2
1
1
7
1
8
2
2
4
1
4
1
1
2
2
14
1
9
1
1
1
1
2
5
1
5
4
109
2
3
1
1
1
2
1
1
1
1
2
1
2
1
5
7
3
2
15
17
6
1
4
5
1
1
2
3
2
3
1
4
5
1
1
1
2
3
1
2
4
18
2
1
1
1
1
1
1
26
2
1
1
3
1
1
1
1
1
3
1
1
2
8
1
1
2
1
1
4
1
18
1
6
1
1
5
2
2
2
12
1
8
1
1
1
3
1
3
1
2
1
2
1
2
1
1
1
1
10
2
3
1
1
1
5
1
2
3
79
2
7
2
4
1
3
1
1
2
1
1
2
5
1
1
2
1
1
1
1
1
1
23
1
3
1
1
1
1
1
1
1
1
4
1
1
9
1
1
1
1
1
1
1
1
2
6
1
1
1
1
37
1
1
2
8
5
2
6
6
1
5
3
1
1
1
2
1
2
1
18
1
1
5
1
1
21
2
2
1
1
2
1
1
1
15
3
13
1
4
2
1
1
1
5
1
7
1
5
2
1
1
1
6
10
1
1
7
7
5
1
2
1
1
5
1
1
5
1
1
1
1
1
4
1
1
2
22
98
3
1
7
7
5
1
1
5
7
1
4
1
2
1
4
1
2
6
20
1
4
1
1
1
3
1
1
1
1
1
5
1
2
3
6
1
2
1
5
338
1
12
2
1
5
13
1
1
2
1
2
1
1
24
2
9
1
9
1
5
1
2
1
7
5
2
1
2
1
7
4
1
1
6
18
8
2
5
1
2
2
10
6
1
2
1
7
1
1
1
3
9
2
1
1
1
2
1
2
1
4
2
3
26
1
1
1
1
2
1
1
1
4
3
61
2
1
2
1
64
1
13
7
2
1
3
1
1
1
4
1
1
1
1
1
4
1
1
1
1
10
1
4
1
1
1
29
2
3
5
1
1
3
15
7
5
1
1
1
1
2
1
1
1
1
13
1
30
2
4
1
1
2
1
1
1
1
4
18
2
1
1
3
1
3
1
1
3
1
17
1
1
1
1
1
1
1
1
1
13
1
1
5
1
1
1
5
2
1
2
4
4
41
1
6
1
1
1
1
1
1
1
1
2
1
1
1
2
1
1
2
2
1
1
1
1
1
1
1
1
1
9
1
1
1
1
1
1
1
1
2
1
1
1
1
9
10
2
2
1
1
1
1
16
1
1
1
1
1
1
1
2
1
1
1
1
2
1
1
1
2
1
1
4
1
1
1
5
2
11
11
2
1
3
7
1
2
1
11
2
1
1
1
3
3
2
1
192
3
1
1
1
1
3
1
1
1
1
1
1
1
1
1
1
1
1
2
1
1
1
1
1
5
1
10
4
1
15
1
10
1
1
2
1
2
12
5
2
3
4
1
7
4
22
1
2
2
2
2
1
22
7
1
1
5
2
1
1
1
44
4
5
1
4
2
2
1
21
9
1
4
2
2
1
13
9
2
1
2
1
3
1
19
1
8
2
1
1
1
1
1
2
1
1
1
1
2
4
5
4
1
31
1
1
3
2
3
17
1
1
2
1
2
1
1
2
3
1
1
1
1
1
1
1
1
1
1
1
2
1
1
2
1
2
2
2
9
1
7
7
1
1
1
23
4
2
2
16
1
1
1
3
2
1
1
6
1
1
13
1
2
12
8
5
1
1
1
45
1
1
2
1
1
1
1
3
2
1
11
1
1
7
3
1
3
2
5
11
2
6
2
6
1
1
1
2
9
5
4
1
3
3
2
1
1
1
5
2
3
2
4
1
10
1
1
4
14
2
1
1
2
1
1
1
9
1
11
31
3
3
8
12
2
1
1
20
1
4
1
2
2
1
1
1
1
1
2
19
1
7
8
6
5
3
1
2
1
3
1
1
2
2
1
1
5
2
3
3
31
1
13
3
6
2
7
1
8
1
9
1
1
3
1
1
1
1
1
12
7
2
1
5
49
7
2
2
1
2
9
1
11
1
1
1
1
2
1
1
1
1
1
5
6
5
1
1
1
3
2
29
1
1
5
3
1
1
2
1
10
2
5
1
1
2
1
1
2
1
2
1
1
2
1
1
4
1
1
1
1
1
1
1
1
1
1
1
1
1
3
1
6
1
2
4
6
8
12
1
2
1
1
1
1
4
1
5
2
1
4
6
23
5
1
2
1
8
1
1
1
4
5
1
1
9
1
1
2
1
1
1
10
8
1
2
5
1
2
22
3
1
9
1
1
1
1
1
1
5
1
1
9
1
2
6
1
8
1
8
1
9
1
1
9
2
10
6
1
1
4
3
7
10
2
1
5
1
2
3
1
3
2
2
1
1
1
1
3
1
8
1
18
1
17
2
2
1
3
2
2
1
1
2
1
8
1
2
46
4
1
1
1
1
1
1
1
1
1
1
1
1
1
2
2
2
2
3
60
4
1
4
15
2
1
2
1
1
1
1
2
1
1
1
10
1
1
1
11
2
2
1
4
1
1
1
5
1
1
1
1
7
1
1
1
1
3
1
1
1
1
1
1
1
1
4
9
2
3
1
4
21
1
1
1
1
1
2
1
1
3
1
1
2
1
1
1
1
8
1
2
2
1
1
1
1
1
3
1
1
1
17
4
243
2
18
4
6
1
2
1
1
6
1
1
3
1
4
1
1
1
2
4
1
1
1
3
1
253
593
3
10
1
1
16
2
15
1
4
1
1
16
14
1
2
1
1
1
1
1
6
72
2
1
3
2
3
1
5
2
2
18
1
1
1
2
1
3
27
6
1
1
620
12
6
6
2
7
1
2
1
1
1
1
1
1
1
2
2
1
1
1
1
1
142
2
22
23
1
4
2
6
5
3
10
2
4
8
11
1
5
2
5
1
1
1
1
6
1
3
21
2
81
1
1
1
19
2
1
1
1
1
6
1
1
2
1
1
5
1
1
1
1
13
5
1
2
1
1
1
2
1
3
1
1
1
2
2
1
4
1
17
1
1
2
1
2
5
1
2
2
3
6
1
1
1
1
7
4
20
1
11
3
1
1
1
2082
1
1
2
2
1
2
1
2
1
2
8
1
2
1
3
1
1
15
1
4
1
1
1
1
1
1
1
1
1
3
1
5
1
1
2
1
2
1
6
1
1
1
10
1
1
12
5
1
3
5
3
3
5
3
2
1
1
3
1
1
1
10
1
1
1
6
1
7
8
1
1
1
1
6
1
1
1
1
2
1
1
1
2
1
1
5
5
14
1
2
1
1
13
2
20
1
2
6
5
1
3
1
1
1
1
1
3
1
2
6
1
1
2
1
9
5
1
1
1
8
1
2
1
1
4
2
1
1
1
1
1
1
1
2
1
1
1
4
1
1
1
1
1
1
3
2
1
4
7
1
1
3
3
1
1
1
3
4
1
1
1
5
2
1
1
1
25
7
1
2
1
1
1
1
1
10
7
2
1
9
1
9
1
1
1
12
1
1
1
1
1
1
4
1
1
1
1
1
1
1
1
1
1
3
1
1
1
1
2
6
1
2
1
1
1
1
28
1
3
3
9
1
1
1
5
1
1
7
3
1
4
1
5
1
4
1
2
13
2
1
2
1
1
1
1
1
1
1
1
1
1
1
1
1
2
5
2
54
1
11
9
2
3
6
1
1
1
30
2
4
7
1
1
2
1
38
1
2
1
25
1
1
1
1
1
1
1
1
1
1
1
1
2
1
1
1
1
1
1
1
4
2
1
1
1
9
2
1
2
1
15
17
2
1
1
1
2
1
3
2
1
11
20
2
5
1
2
1
1
2
1
11
23
1
2
2
2
2
1
1
2
1
2
3
3
11
2
1
1
1
1
1
1
1
1
1
1
1
6
1
2
3
1
1
2
5
1
2
1
15
5
5
1
1
1
1
1
1
25
1
1
1
1
6
1
1
2
1
1
1
7
2
3
2
2
16
1
1
1
1
13
2
14
1
4
2
1
9
11
9
5
2
4
2
1
3
8
11
6
3
4
1
1
4
1
7
1
1
1
2
1
2
1
1
2
3
1
2
1
3
7
14
18
3
1
28
1
3
1
3
1
4
16
1
1
3
8
1
1
2
2
2
1
1
1
2
1
1
6
1
2
25
1
1
1
1
1
3
1
1
1
1
1
3
2
9
4
7
1
7
1
1
1
1
5
7
4
1
1
3
3
3
1
1
1
13
2
1
13
3
6
1
5
1
2
8
8
1
16
3
2
1
1
1
6
2
2
6
4
10
2
7
8
3
2
1
5
1
1
4
1
1
1
12
1
2
5
5
1
2
1
1
3
7
53
1
1
1
2
4
1
8
14
1
1
4
77
1
1
4
1
1
2
9
1
2
1
1
1
1
1
1
1
1
1
2
1
1
2
1
1
5
23
1
1
2
8
9
2
1
1
2
1
1
1
3
1
1
1
1
1
3
1
11
5
1
7
28
5
16
1
1
1
1
1
3
1
1
1
2
1
2
1
8
1
3
2
1
2
1
1
1
2
1
1
5
1
1
1
1
1
1
2
1
1
1
6
1
1
1
1
1
6
1
1
2
2
174
2
1
15
1
2
1
5
2
1
1
1
2
2
12
2
7
2
2
1
4
8
23
1
2
2
1
1
6
2
1
1
5
1
1
1
1
1
23
2
1
1
11
7
3
1
1
1
1
12
1
1
4
3
1
1
4
2
1
1
1
1
1
1
1
1
3
1
1
3
1
1
2
5
6
1
9
18
1
1
1
3
1
1
5
2
1
2
1
1
2
1
1
2
1
2
4
1
1
2
1
2
2
1
1
1
1
6
1
1
7
1
11
11
1
10
17
1
5
1
53
7
1
1
5
1
2
1
2
2
1
1
1
1
1
1
1
1
1
1
1
4
1
1
2
2
22
1
1
1
1
2
1
1
3
1
1
1
1
1
1
1
2
1
1
1
1
8
4
5
1
3
1
32
1
1
2
4
2
1
2
1
7
1
6
2
1
8
2
1
5
1
19
1
3
1
2
2
5
1
4
2
3
1
1
1
1
3
1
6
86
5
5
1
1
1
1
85
1
4
1
6
1
1
2
2
9
4
7
3
1
1
31
2
2
8
1
1
1
1
2
1
1
1
7
1
2
1
1
1
1
2
1
1
1
1
2
2
1
2
1
11
1
2
1
1
1
1
1
1
1
4
1
1
2
18
1
3
1
1
4
3
1
3
1
1
1
1
7
3
2
1
16
1
2
2
2
1
4
1
2
3
1
55
1
1
6
1
15
1
1
4
1
1
1
1
2
1
1
2
1
8
1
1
1
1
4
1
1
2
1
1
2
1
1
1
1
1
1
3
7
4
1
1
1
2
1
1
9
1
1
3
1
1
4
10
3
1
1
2
1
1
3
3
1
9
1
5
4
1
41
1
1
5
3
1
1
1
1
1
4
1
1
1
1
1
7
1
1
2
1
3
7
1
23
2
1
1
1
1
1
1
1
1
1
13
1
3
1
3
1
1
4
1
1
1
2
4
1
1
2
1
2
1
1
1
1
1
1
1
1
5
29
1
1
2
2
3
1
2
1
2
4
7
3
1
7
5
1
2
3
1
1
1
3
1
3
1
25
6
1
1
1
1
1
1
1
3
1
1
1
1
1
1
1
1
1
1
1
2
6
2
1
2
2
3
1
1
1
2
2
1
4
3
1
1
1
1
3
3
1
2
10
2
1
2
4
1
1
1
2
2
2
1
2
2
2
22
1
1
2
56
1
9
3
2
1
1
15
16
2
3
2
1
1
1
2
28
1
6
2
1
1
1
1
14
1
2
129
1
28
3
3
1
4
1
6
1
1
1
1
3
1
9
1
1
1
2
4
4
1
1
4
1
1
1
3
2
5
2
2
2
1
1
25
2
1
2
4
1
2
1
16
7
2
2
1
1
1
1
1
2
1
1
2
1
9
9
1
1
1
8
8
1
10
1
1
3
2
1
1
3
2
21
1
1
1
1
1
2
3
1
1
2
1
1
1
1
15
2
2
1
1
1
1
1
1
1
3
1
1
1
1
5
1
1
1
2
3
2
4
1
2
1
2
1
1
1
1
2
1
1
1
1
1
1
7
1
1
1
1
1
53
1
1
1
1
3
1
3
1
6
1
1
1
38
1
1
1
1
3
1
11
9
2
5
5
1
4
1
1
3
9
1
4
3
2
1
3
1
3
13
2
1
24
1
1
4
1
1
1
1
5
8
1
1
2
1
5
29
4
2
1
2
1
1
1
1
1
2
1
1
1
5
1
1
6
1
1
1
1
1
1
2
3
3
1
2
28
1
2
7
1
2
1
2
1
3
4
3
3
1
1
1
2
1
5
5
4
1
6
40
3
1
2
2
1
1
2
15
1
3
2
13
1
3
9
1
1
2
14
1
1
2
2
2
2
2
1
10
1
1
1
5
1
1
2
9
1
1
2
2
1
1
1
7
2
1
2
2
1
2
2
3
1
17
1
1
2
4
1
1
24
24
1
2
1
1
1
7
4
1
1
5
2
6
1
5
4
2
3
1
2
6
3
2
2
1
1
1
5
4
2
1
2
3
1
1
1
3
1
5
1
2
1
1
8
5
32
1
1
2
1
1
1
1
2
16
1
6
2
1
3
1
1
5
5
1
11
1
1
1
1
12
1
1
13
2
1
1
1
1
2
1
1
2
1
1
1
1
1
3
6
9
2
3
2
2
1
5
4
5
3
123
1
2
1
4
2
1
1
1
16
3
1
4
5
2
1
1
4
2
4
1
1
1
3
17
4
1
1
1
1
4
4
1
5
1
1
2
3
1
1
5
2
1
1
1
1
1
2
3
1
2
7
108
1
10
1
7
2
3
3
3
34
2
21
4
1
1
1
1
1
1
1
1
8
1
1
2
1
1
3
1
6
1
5
1
1
8
2
1
1
1
3
1
1
2
6
1
1
1
1
15
6
1
2
86
1
2
13
3
1
2
1
1
6
1
3
2
3
3
1
1
1
1
1
2
1
4
1
1
1
1
3
1
1
2
2
22
2
1
1
1
1
2
1
1
2
1
11
1
2
2
1
1
2
1
1
1
1
1
1
1
1
3
1
1
6
26
1
1
1
28
3
4
3
19
1
6
7
1
1
1
2
10
23
20
8
2
1
2
8
1
2
4
1
2
7
2
1
1
1
2
1
1
1
1
1
1
3
2
1
3
1
8
1
1
2
31
5
1
1
1
1
2
2
1
2
3
3
1
1
6
1
1
6
16
1
2
2
3
1
1
1
1
1
1
3
2
3
9
6
1
1
1
2
1
1
1
1
1
1
1
1
1
1
1
1
1
1
4
1
2
1
4
1
2
1
56
2
2
1
1
3
3
1
3
1
1
3
1
31
2
1
3
1
1
1
10
1
1
3
1
1
18
1
1
1
1
2
1
1
1
7
2
4
2
1
4
1
1
2
3
1
3
1
11
1
1
6
1
1
1
5
1
5
1
4
1
9
1
1
1
1
1
8
1
1
3
1
1
1
1
1
1
1
25
1
1
4
7
1
1
2
1
1
1
1
6
3
1
1
2
5
1
1
5
1
4
12
3
1
6
1
1
1
3
1
3
1
1
2
1
1
2
1
1
1
1
1
4
1
4
1
2
3
1
1
3
1
5
3
1
2
1
1
2
2
80
1
1
1
1
1
3
2
6
1
1
7
1
1
3
1
1
5
1
2
47
1
2
1
1
1
2
1
1
1
1
2
1
5
1
4
5
9
1
2
1
1
2
1
1
91
1
1
1
1
1
1
1
2
1
1
1
3
1
1
1
1
1
6
8
5
2
1
4
1
2
1
1
2
1
1
1
1
3
4
8
7
3
1
2
1
3
1
4
2
1
1
1
1
5
6
1
31
1
1
5
13
1
6
1
9
1
5
7
1
3
3
7
2
29
38
1
1
2
7
1
1
1
1
1
2
1
3
1
1
2
1
1
1
1
1
2
2
1
1
1
1
1
1
1
3
1
1
1
8
2
2
1
2
1
122
232
1
6
1
1
1
4
1
1
3
2
2
1
1
1
2
1
1
3
1
1
1
1
1
4
1
1
1
2
2
1
1
6
4
2
1
1
2
10
1
2
1
1
5
1
1
7
11
1
1
1
1
1
1
14
1
3
1
1
3
1
2
1
1
1
1
1
1
3
1
5
1
12
3
2
5
3
1
1
3
14
3
1
1
5
1
1
2
1
2
59
6
1
3
1
1
14
1
2
1
3
1
1
1
1
1
13
21
5
10
1
8
1
1
1
2
1
1
1
1
3
2
5
1
1
1
46
2
1
1
2
1
1
1
1
24
3
1
4
1
1
19
351
1
4
1
1
1
1
1
3
3
1
1
1
1
2
3
5
5
2
1
2
1
1
2
2
1
1
7
1
15
1
1
5
1
1
1
1
1
1
1
1
1
1
1
1
1
1
2
2
1
4
2
1
1
5
1
2
11
2
1
1
1
1
1
2
2
1
1
1
1
2
1
1
1
1
1
1
3
1
1
1
2
1
1
2
6
1
5
1
1
3
2
4
1
1
1
1
2
1
1
2
1
1
1
1
13
5
1
2
1
2
6
1
2
13
1
5
1
3
1
1
1
1
1
1
1
1
1
1
1
20
1
3
2
1
1
1
1
1
6
1
1
2
2
1
1
1
1
1
1
2
1
1
1
9
1
1
3
3
1
1
1
2
1
1
11
1
1
1
1
1
1
1
1
1
2
2
2
1
1
1
1
18
4
1
1
1
1
1
4
1
1
1
2
7
1
1
1
1
1
1
2
12
2
1
1
10
1
1
1
1
1
1
1
1
14
1
1
1
1
1
1
1
1
1
1
1
1
1
1
1
13
1
1
1
1
1
1
1
1
5
1
1
5
1
2
1
1
1
13
1
1
1
1
1
1
1
1
1
1
1
1
3
1
2
3
1
1
3
1
5
2
2
1
1
1
4
1
1
1
1
1
1
1
1
1
1
1
1
3
2
1
2
1
1
1
1
1
1
1
1
1
2
1
1
1
2
5
4
1
1
6
1
1
1
1
3
2
1
3
1
1
1
17
2
1
1
1
1
16
1
1
2
1
1
1
2
1
1
1
1
1
2
1
1
1
2
2
2
2
1
1
1
1
1
4
1
1
2
1
1
2
1
1
1
7
1
1
1
2
1
1
5
1
1
7
1
1
1
1
1
1
1
3
1
6
1
1
10
1
1
3
3
1
1
2
1
3
1
1
1
1
1
1
1
3
2
1
1
11
3
3
2
3
1
1
2
1
1
10
2
2
1
1
1
1
1
1
1
3
1
18
1
1
1
1
1
1
4
1
1
1
1
1
1
3
1
1
2
1
1
1
1
1
2
1
1
1
1
1
1
1
1
1
1
1
1
1
1
2
1
5
3
3
1
1
1
2
1
2
1
2
1
5
1
1
1
1
1
1
1
2
8
7
1
3
1
2
3
1
2
1
1
1
1
2
1
1
1
3
3
1
1
1
1
1
2
1
1
1
1
1
1
1
1
6
7
1
1
1
3
2
1
2
1
9
1
2
1
1
1
1
1
1
1
1
2
1
2
1
15
1
3
1
1
2
1
1
1
1
1
2
1
4
1
1
1
1
1
4
2
1
3
1
1
1
2
2
3
1
1
4
1
1
4
76
106
2
1
1
4
2
1
2
1
1
1
1
1
1
8
34
1
1
1
1
1
1
1
1
1
2
3
1
9
1
1
1
1
1
1
1
2
1
2
1
1
1
10
1
1
1
1
4
2
1
2
1
3
1
1
1
1
1
10
1
1
1
1
2
7
2
4
2
2
1
2
1
3
1
1
1
1
1
10
3
4
1
1
7
5
3
1
2
1
1
2
2
1
1
1
1
1
3
1
1
1
2
1
1
1
9
1
57
1
4
1
1
1
1
1
1
2
1
1
3
1
8
1
3
1
59
4
7
3
40
3
1
1
4
1
1
4
1
1
2
2
3
1
1
18
1
1
2
1
1
1
5
3
3
1
1
2
3
1
2
2
3
5
2
1
1
1
13
3
1
1
1
1
1
1
19
1
1
1
1
1
1
2
3
1
1
5
1
2
1
1
1
1
1
2
2
1
1
1
1
1
1
2
1
4
1
1
1
1
1
1
1
1
1
1
14
2
16
1
1
1
2
13
1
1
2
1
1
1
2
4
2
1
1
6
6
2
1
1
6
1
1
1
1
1
1
1
1
1
7
4
1
1
1
9
1
2
1
1
1
1
1
2
1
1
3
1
1
1
1
1
1
1
1
1
4
1
1
1
3
1
1
1
2
1
1
1
1
1
1
1
1
1
1
1
1
1
1
1
1
1
1
3
1
1
1
2
1
1
1
1
1
3
1
3
1
1
1
1
1
1
2
1
2
1
3
2
1
1
1
3
1
3
1
1
1
1
1
1
4
1
1
1
9
1
1
2
1
1
1
1
1
1
1
1
9
2
3
1
6
1
2
1
1
1
1
1
1
1
20
1
4
1
3
1
3
3
2
1
1
1
1
1
1
1
1
4
1
1
1
1
1
1
1
1
1
1
1
1
1
1
1
2
1
1
2
1
1
1
3
1
896
4
28
4735
3060
1
2
22
307
304
26
2
879
1
133
11
4
511
12
1
1
15
303
1
6
15
31
64
1
1
74
5
58
27
119
65
1
21
1
124
9
7
3
92
1
2
2
1
1
3
29
34
12
1
185
45
101
7
175
1
1
709
334
9
37
1
1
324
1
1
11
1
1
1
4
12
1
2
1
1
91
1
59
1
4
80
29
5
4
1
3
31
1
147
35
1
7
1
51
142
17
38
17
3
16
85
1
9
347
1
1
1
211
1
102
2
111
5
2
1
1
119
104
25
15
384
1
2
6
71
84
28
37
48
1
122
66
23
60
1
2
4
28
43
4
1
267
31
5
2
3
634
1
1
1
5
1
1
1
2
38
31
22
5
76
18
2
3
41
2
2
6
1
130
2
152
2
22
80
1
1
137
6
12
159
352
46
4
247
7
1
11
3
4
1
1
1
2
618
1
14
1
5
1
704
374
9
580
1
32
1
2
2
1
3
265
2
1
24
9
1
36
32
41
45
318
52
90
59
33
38
2
14
5
20
1
2
6
9
4
12
139
15
1
1
2
1
24
21
604
13
54
2
56
6
13
3
1
1
23
1
1
1
2
1
1
32
1
1
4
24
139
1
9
18
2
25
26
8
1
77
5
3
3
1
3
10
52
8
9
15
1
1
1
2
1
4
35
4
2
17
44
5
1
1
1
158
10
3
1
48
20
17
19
7
121
2
82
1
14
72
4
5
5
19
3
2
58
13
9
1
1
1
2
1
2
1
10
1
1
2
1
1
99
3
13
1
16
1
1
4
2
1
3
1
7
5
4
2
4
1
1
2
10
34
4
11
10
17
3
12
7
5
4
7
1
16
5
5
45
49
33
2
17
9
47
50
1
1
1
1
12
1
5
227
2
2
5
42
37
3
33
3
3
15
2
1
4
36
5
2
2
6
3
4
1
2
10
3
142
87
53
6
2
1
1
11
48
49
4
2
5
19
24
1
1
1
1
1
47
4
14
3
3
1
3
1
55
7
1
1
2
3
1
1
24
2
1
1
1
2
8
1
1
2
1
36
2
8
5
1
2
95
4
7
1
1
77
25
1
1
33
1
19
1
1
4
1
1
32
49
23
4
1
136
36
34
20
1
2
15
1
4
1
19
1
1
1
14
2
1
1
1
1
1
1
1
1
1
1
2
2
2
1
3
38
28
1
12
27
5
2
10
388
10
73
38
1
1
21
29
2
1
43
7
1
6
1
1
7
27
8
1
3
151
2
16
2
2
3
2
12
35
42
3
29
10
7
2
17
134
3
2
6
40
10
1
3
1
2
18
1
6
1
1
14
6
1
1
16
9
1
51
4
1
29
1
1
13
1
3
1
12
5
5
4
1
288
2
1
1
11
5
1
3
8
4
42
7
1
5
3
1
4
9
1
17
1
2
1
1
1
21
221
1
8
3
1
4
27
6
18
1
7
74
73
15
14
3
22
2
1
21
1
5
34
9
1
1
1
1
10
2
1
18
17
1
4
4
1
1
28
35
34
4
2
3
2
1
1
1
1
5
1
1
4
16
1
27
3
8
8
1
2
1
1
1
10
1
4
1
3
7
3
1
9
10
4
13
1
21
2
1
4
2
39
2
21
1
6
5
5
6
2
7
8
1
7
1
1
1
1
1
1
8
10
3
1
2
5
2
1
1
2
9
1
3
1
6
31
1
3
1
2
6
3
5
32
21
8
1
1
8
2
1
7
3
1
2
1
48
3
2
1
39
6
5
2
24
1
9
1
1
4
25
14
5
5
3
33
1
2
1
14
58
3
1
1
2
1
6
1
2
4
3
1
1
3
1
1
1
1
1
1
5
4
1
1
10
16
1
1
3
7
1
1
1
4
22
1
6
1
7
20
1
1
1
2
32
20
1
1
1
1
1
10
1
1
3
26
2
3
3
1
2
1
3
1
1
1
1
5
19
2
19
2
12
4
10
17
14
1
5
17
1
1
1
1
1
10
10
10
10
1
23
1
7
10
1
8
1
94
2
1
1
1
1
1
2
3
17
29
1
2
3
1
22
16
1
3
1
1
9
5
1
13
42
20
1
14
1
5
104
3
1
1
4
1
1
38
13
13
2
1
1
1
2
2
2
5
25
1
1
1
3
1
1
3
1
1
2
9
8
1
2
1
18
1
1
1
1
1
4
1
14
6
9
5
3
1
3
2
1
9
12
1
1
3
5
8
1
2
3
1
2
21
5
18
3
2
1
1
1
7
1
1
3
16
19
1
1
21
12
1
1
1
1
3
1
4
2
4
1
1
1
1
38
8
8
37
1
18
3
3
18
1
61
1
1
2
2
4
1
15
1
1
2
11
29
13
1
28
12
3
1
1
1
6
3
2
1
30
21
3
3
1
1
1
1
6
2
18
2
1
2
1
1
1
2
1
4
1
6
1
1
2
11
6
2
2
9
2
2
2
1
3
19
6
1
1
1
3
2
1
1
1
3
14
2
1
22
1
1
22
16
2
25
4
18
3
57
1
1
20
10
2
1
1
3
27
3
1
29
1
14
2
3
7
1
16
1
9
1
31
24
16
10
1
3
90
19
1
4
9
4
7
1
2
1
4
3
20
4
1
1
1
32
16
1
1
2
3
1
9
1
1
13
2
13
1
1
1
1
2
4
6
25
2
5
26
2
8
10
1
3
2
24
27
2
2
3
1
1
1
9
3
5
7
2
1
3
1
1
6
9
223
2
4
1
1
14
1
4
1
34
9
1
13
9
4
7
5
26
7
1
1
4
6
16
1
1
6
56
4
30
1
7
2
28
1
1
16
31
11
6
2
1
1
1
1
1
16
38
10
21
1
1
1
1
84
6
4
34
6
6
1
1
1
1
17
2
3
17
1
1
1
2
2
12
1
1
2
1
1
6
11
1
1
1
1
1
4
3
2
2
4
2
1
1
1
1
4
1
1
3
2
1
1
4
2
1
1
6
1
1
1
1
2
1
1
1
1
1
11
3
3
2
1
1
6
1
1
3
8
7
1
23
1
2
1
2
1
18
1
7
1
1
2
3
20
1
1
1
1
1
1
1
1
1
1
8
1
2
4
1
2
1
2
1
1
5
1
1
1
1
24
16
1
6
1
1
19
2
2
12
1
9
2
5
1
1
1
3
2
1
6
1
1
1
24
14
9
46
2
6
7
1
12
6
1
11
5
9
1
1
1
1
25
3
3
1
9
2
27
7
9
5
3
4
3
3
5
1
9
3
1
1
4
1
1
1
2
3
1
6
1
2
92
1
1
1
13
1
1
12
1
2
10
4
1
4
1
1
7
2
10
1
7
3
1
1
2
2
3
6
4
45
4
1
1
1
46
3
1
1
1
3
1
1
2
1
11
2
1
1
1
1
1
1
2
1
2
1
3
2
2
2
1
7
1
4
1
1
1
1
1
5
1
105
1
1
2
2
2
1
3
6
2
1
1
1
14
1
1
1
1
2
1
1
1
1
1
1
1
5
5
1
19
6
7
2
2
5
9
14
1
6
3
1
2
1
2
1
2
2
1
3
3
1
3
1
6
1
2
1
10
2
1
1
2
1
11
2
1
33
4
1
1
1
1
1
1
1
1
1
1
6
5
1
1
1
5
2
1
1
6
6
1
2
2
1
1
1
3
1
5
1
3
2
1
1
1
5
3
1
1
8
5
1
7
16
4
1
1
1
1
15
27
1
1
6
6
1
1
1
1
1
1
8
1
6
1
3
5
1
1
2
2
6
1
1
12
31
3
4
1
8
10
1
1
2
2
3
3
1
1
1
2
19
1
1
1
7
1
1
16
1
2
1
5
1
2
1
1
2
2
2
1
13
8
1
3
1
43
1
1
10
3
7
9
7
1
5
1
11
2
13
4
7
1
1
1
1
1
1
8
28
1
2
10
2
2
1
10
2
22
11
5
1
1
1
3
1
1
1
8
33
4
1
2
1
1
9
19
6
1
10
7
15
2
2
1
1
5
1
8
8
2
1
3
1
2
3
2
37
3
15
1
2
7
2
1
3
26
1
5
4
2
1
1
1
3
1
3
2
1
12
3
2
1
1
1
5
3
2
3
3
1
1
3
1
3
2
2
5
4
7
2
4
1
1
13
11
8
2
1
14
3
2
16
1
3
1
5
1
7
21
1
12
17
2
2
3
1
2
3
4
2
1
1
4
1
3
15
11
2
5
7
26
3
3
1
2
1
1
1
1
1
3
3
8
1
3
1
79
1
16
1
3
1
2
4
1
1
1
1
1
2
3
1
2
1
7
2
1
8
1
1
17
8
6
1
3
1
11
2
3
4
42
1
1
1
1
1
1
1
1
1
4
1
3
2
15
4
13
1
1
25
2
3
24
1
1
2
1
1
1
1
14
4
1
4
2
2
1
1
1
1
5
3
11
1
1
38
14
5
2
2
1
1
36
4
1
1
9
2
1
1
26
7
3
10
2
7
2
4
3
1
1
9
4
1
1
2
13
1
1
2
1
26
2
1
2
1
1
6
6
6
1
2
1
16
27
2
6
2
1
1
1
1
1
1
1
14
30
2
17
1
1
3
1
1
1
11
1
1
1
2
1
5
1
2
1
1
3
4
1
6
6
48
9
1
12
1
3
1
1
4
8
1
2
5
1
1
1
4
10
16
18
8
1
4
7
4
1
10
1
3
2
1
2
1
17
14
1
1
1
13
2
16
1
1
3
1
2
4
5
4
2
1
23
1
1
2
3
1
1
8
1
1
1
1
5
6
1
8
1
3
1
4
1
1
4
1
1
1
4
10
1
3
1
1
1
1
2
2
1
1
3
4
11
7
1
1
1
1
1
5
1
10
26
1
1
1
11
9
6
1
3
1
1
1
1
4
1
1
1
1
3
1
15
1
1
15
4
1
5
1
1
4
1
1
3
1
1
1
23
5
1
1
7
3
2
1
3
1
4
1
3
1
1
1
1
2
1
1
2
1
1
1
1
1
1
1
19
2
1
5
1
3
1
1
7
3
1
1
1
3
2
1
1
1
1
1
5
1
3
7
2
1
4
6
1
1
1
5
1
1
1
2
2
4
1
2
2
1
2
1
9
1
3
1
4
1
1
2
11
13
1
1
1
7
2
1
4
1
1
2
1
1
3
2
1
3
14
2
1
1
3
1
1
5
7
3
1
1
5
1
3
1
2
3
3
1
2
2
2
3
8
1
3
1
47
1
1
1
1
8
1
1
1
1
6
6
4
1
37
32
30
3
38
1
8
1
1
3
5
6
7
1
1
3
3
1
1
1
7
1
3
2
7
1
2
1
4
4
2
1
1
3
1
1
3
1
1
1
3
4
15
1
1
3
2
1
1
17
1
1
1
1
1
4
1
2
2
1
1
1
11
1
1
1
2
1
1
5
25
1
2
2
1
1
11
1
1
33
10
2
1
3
1
4
1
3
2
5
8
7
4
5
5
1
3
2
13
3
1
17
2
14
1
1
1
1
1
1
1
1
1
1
1
1
2
1
1
7
5
2
1
1
1
4
1
4
3
3
1
3
3
1
3
1
1
1
1
1
2
1
1
1
27
1
1
14
1
1
2
1
1
2
1
2
4
12
1
1
1
2
3
1
1
1
2
1
4
1
1
3
1
1
2
1
7
2
1
1
2
1
1
1
22
1
10
1
6
1
1
1
1
1
1
1
2
4
1
1
5
7
1
3
1
1
3
1
8
4
3
3
1
11
8
3
2
1
2
1
1
2
4
2
1
5
1
1
4
8
1
1
12
1
8
3
1
1
6
5
5
2
2
1
1
1
1
1
7
2
1
1
2
8
5
2
4
1
3
6
7
1
63
1
1
5
1
1
5
4
8
8
3
3
11
1
9
3
1
1
1
4
23
1
2
6
8
5
2
1
1
1
1
1
6
1
1
3
2
4
2
1
8
1
2
1
1
1
1
1
1
6
2
5
1
1
2
1
1
1
2
2
2
5
2
1
1
1
2
1
2
1
1
12
2
55
1
2
1
7
1
16
5
1
1
1
1
1
1
11
1
2
1
4
1
1
1
1
2
11
1
1
5
3
1
12
1
1
2
3
3
1
1
1
1
3
1
9
1
1
13
2
4
2
1
1
4
2
3
1
6
2
1
1
1
1
1
1
1
1
1
1
1
2
3
1
1
1
5
3
1
1
2
1
1
2
1
2
2
1
3
3
4
2
1
1
1
2
1
1
1
1
1
2
2
2
15
2
3
1
2
7
1
2
3
1
6
14
2
1
1
3
1
4
2
1
1
1
3
3
7
1
1
1
1
2
1
1
1
1
1
4
1
1
11
4
3
1
6
1
1
15
1
1
1
3
2
10
1
1
5
3
3
1
2
2
1
1
1
2
2
4
3
1
1
2
1
1
1
1
2
1
1
2
2
1
11
1
7
1
1
3
4
9
1
1
1
2
1
1
2
1
1
1
4
8
2
8
5
1
2
1
2
1
2
2
1
1
4
2
3
2
1
1
1
1
14
1
6
17
1
17
1
2
5
6
6
1
1
1
3
2
1
1
1
3
3
2
7
2
2
2
5
4
5
7
2
4
1
1
9
2
1
10
1
6
1
2
1
9
4
3
2
1
6
1
1
1
1
2
1
6
4
3
2
2
2
1
2
2
1
1
5
1
1
15
1
1
1
5
12
11
1
1
6
3
1
9
1
3
1
1
15
1
2
2
3
2
1
5
3
2
1
1
1
1
3
2
1
2
1
4
1
2
1
2
2
3
1
11
1
1
1
4
1
1
1
2
1
1
3
2
3
3
15
25
1
1
1
1
1
1
1
6
1
1
1
21
1
4
1
1
1
2
1
1
3
1
1
1
5
4
2
1
1
2
2
1
1
1
4
4
1
1
4
1
4
9
1
10
1
4
1
1
2
1
11
4
1
1
1
1
1
17
1
3
1
1
1
1
5
2
1
2
3
3
3
3
3
3
1
1
1
1
1
2
1
6
1
3
3
2
5
2
1
1
5
3
1
12
1
1
1
3
2
4
7
3
1
15
1
10
1
3
1
6
1
1
2
1
1
1
2
1
2
4
1
2
12
1
1
1
2
6
2
6
1
12
11
1
1
1
1
1
2
4
1
10
1
1
3
1
1
1
13
3
1
1
1
1
2
1
1
12
2
1
2
1
1
1
1
1
1
9
1
1
5
1
2
3
3
8
1
1
1
3
1
4
1
3
7
2
6
1
2
1
1
3
1
1
3
2
1
2
1
1
1
1
1
1
1
5
1
1
9
8
2
1
1
4
2
1
1
1
2
1
1
6
17
1
13
1
2
1
1
1
3
6
4
1
1
1
1
1
1
2
1
7
4
4
1
1
1
1
1
1
6
3
2
6
1
14
2
1
2
1
1
4
3
3
1
9
2
2
3
1
1
1
78
1
1
2
1
1
1
1
2
1
1
1
2
1
1
3
1
6
1
3
1
3
2
2
2
1
1
1
2
1
2
1
3
1
1
6
3
4
1
2
8
1
1
7
1
1
4
1
15
2
1
1
2
2
3
1
3
1
2
1
14
3
2
8
2
8
1
1
1
4
3
1
2
1
1
1
1
2
2
1
5
1
1
4
7
3
1
1
6
2
1
1
1
1
5
1
6
1
1
1
1
3
1
8
11
3
1
1
1
2
1
1
1
1
1
1
9
1
3
1
2
1
1
1
8
1
3
1
2
2
1
10
4
1
1
3
3
2
1
4
4
3
1
3
1
1
2
1
1
3
1
3
1
4
4
4
1
2
16
3
2
5
1
1
1
3
1
9
1
1
1
4
1
4
1
1
2
2
1
1
5
5
2
1
4
1
2
1
1
1
1
24
16
1
2
1
1
1
2
1
3
2
4
3
2
4
2
1
1
1
1
2
1
1
17
1
1
1
3
1
1
1
3
2
1
1
2
2
1
1
1
1
5
1
2
2
1
2
1
1
2
2
1
1
1
2
1
2
2
1
1
1
1
4
4
1
1
1
15
2
3
2
1
2
2
1
1
1
3
4
1
1
1
2
1
1
1
12
1
9
2
3
1
1
1
4
1
9
2
1
2
1
1
1
1
1
1
2
1
1
1
2
7
3
3
1
3
1
3
3
2
8
1
1
1
1
1
1
1
3
1
2
1
11
3
10
1
4
10
5
8
1
8
22
2
1
7
1
6
1
1
1
5
3
14
6
1
1
2
1
3
1
6
1
9
1
1
1
1
1
1
1
1
4
2
3
2
1
3
1
2
1
3
5
2
5
2
1
1
2
1
5
1
2
1
1
1
1
1
3
1
3
2
1
1
1
1
1
1
1
1
1
1
13
4
14
4
1
6
1
1
3
1
1
1
1
1
1
15
1
3
2
1
5
2
1
1
2
1
4
1
1
1
1
1
7
3
4
1
1
3
1
1
2
1
1
1
3
2
1
1
1
2
3
16
3
3
2
1
2
1
1
1
4
3
2
1
3
1
3
1
3
8
1
1
1
1
1
3
4
3
3
4
8
1
1
1
1
7
1
1
1
4
1
9
1
1
1
1
1
1
2
1
1
1
1
1
1
2
4
1
1
1
1
1
2
4
1
1
1
1
1
3
3
1
2
1
2
1
2
1
1
1
1
4
1
1
1
2
2
1
2
1
1
2
8
1
13
2
2
2
1
1
14
4
2
2
1
3
4
5
1
12
1
3
1
8
1
3
2
6
4
7
4
2
8
3
3
1
1
1
2
3
1
3
1
4
3
14
1
3
7
1
1
3
2
1
1
1
12
9
2
2
1
2
4
2
7
6
1
20
1
5
5
3
1
1
3
1
3
1
3
1
1
1
2
5
3
1
1
1
1
1
1
1
1
1
1
1
1
4
6
2
5
1
1
3
1
1
1
1
1
7
1
1
1
3
1
2
3
1
1
1
7
1
1
1
1
2
1
1
7
10
1
4
3
2
1
1
1
2
1
1
4
1
2
1
1
2
1
1
1
1
1
1
1
1
1
1
1
1
1
1
1
5
3
4
3
2
1
2
1
1
3
1
1
2
1
4
1
3
1
1
1
1
1
2
1
1
1
1
1
1
3
4
1
1
1
2
1
1
1
2
1
2
1
1
11
1
1
1
1
1
6
1
1
2
1
1
1
4
1
4
2
1
1
1
3
1
1
6
1
9
4
1
1
1
1
1
4
1
1
6
2
1
1
1
1
1
1
1
1
9
10
1
2
3
2
2
2
1
4
3
1
1
2
2
5
3
2
1
4
1
8
1
3
1
1
1
1
5
1
1
1
3
1
1
2
1
2
1
1
5
1
1
1
2
1
1
1
1
2
1
11
2
3
6
2
1
1
5
1
2
2
3
1
5
12
1
1
3
2
1
1
1
2
1
1
2
4
1
2
2
4
3
1
1
1
1
1
1
1
2
2
1
2
1
1
1
1
1
3
1
2
2
1
5
1
1
3
1
1
5
2
1
1
1
1
2
4
1
1
1
1
3
1
2
3
2
2
1
5
1
1
1
1
1
2
1
1
1
1
1
1
5
1
1
2
1
2
1
1
2
2
2
1
6
1
1
1
1
1
1
16
1
1
3
1
9
4
1
1
1
2
3
7
1
15
1
3
1
2
3
1
1
2
1
1
1
1
1
1
3
1
1
1
1
1
9
3
1
1
1
3
1
6
1
1
1
8
3
1
1
1
2
7
3
2
1
6
1
1
1
3
1
1
1
1
1
1
1
17
1
4
3
2
1
1
1
2
3
10
1
1
9
1
1
1
1
4
1
1
1
4
1
3
6
2
1
1
3
1
3
1
1
1
1
1
1
1
1
1
1
1
1
1
1
1
2
2
3
2
1
1
1
1
1
1
1
1
10
1
1
1
1
2
6
1
1
1
2
2
1
1
1
2
1
2
12
1
1
1
1
1
1
1
1
1
1
1
1
2
1
2
1
3
1
1
1
1
1
1
1
1
1
1
1
6
9
1
1
1
1
1
1
1
1
1
1
2
1
3
1
2
1
1
5
1
1
1
2
1
1
1
2
1
1
3
3
1
2
10
1
1
1
1
1
1
2
2
3
3
1
4
4
1
1
5
1
1
1
3
2
1
1
1
3
1
3
1
2
6
4
1
1
1
1
1
1
3
7
8
1
1
1
2
2
1
1
1
1
1
2
1
1
6
2
1
1
3
6
1
1
1
1
5
2
5
1
1
1
1
2
5
1
1
1
1
1
8
4
1
4
2
1
1
1
1
1
2
2
1
1
2
1
10
1
1
1
12
1
1
1
1
1
1
2
1
1
5
1
1
4
1
2
1
1
4
2
1
1
1
1
2
1
2
1
1
2
1
6
2
1
1
1
1
2
1
1
1
1
1
1
1
1
3
1
1
2
3
1
1
1
1
5
1
1
1
1
1
1
1
1
4
3
9
1
2
3
2
1
1
4
1
2
3
1
1
1
1
1
2
1
4
2
1
2
1
1
2
1
1
2
1
4
1
1
2
3
1
2
3
2
1
1
1
1
1
1
1
2
1
1
1
1
4
1
2
1
2
1
2
1
3
2
1
5
1
1
6
1
2
1
4
1
2
1
3
2
1
1
7
1
1
1
1
1
1
2
2
1
1
1
2
3
1
2
1
1
1
1
2
1
1
1
1
3
1
3
9
1
5
5
3
1
1
1
2
2
1
2
1
2
1
1
1
4
1
2
1
1
1
1
2
1
1
1
1
1
1
1
2
1
1
1
1
2
2
2
1
1
1
7
1
1
3
1
1
1
1
1
1
1
1
1
2
3
1
2
2
1
1
2
1
1
3
1
1
10
6
1
1
1
1
1
8
1
1
1
3
1
9
2
1
3
2
1
1
1
1
4
1
1
1
1
8
2
3
1
1
1
1
1
1
1
1
3
10
2
2
9
8
2
2
1
3
2
1
1
2
1
1
1
1
1
1
1
1
1
1
2
1
1
1
1
2
3
2
1
1
1
1
1
1
4
1
1
2
6
3
5
2
3
5
4
1
6
1
1
1
1
1
2
1
1
1
2
1
3
1
1
3
5
1
2
2
1
3
1
2
5
1
1
1
1
1
12
2
1
1
1
3
2
2
1
7
1
1
14
1
1
1
2
1
1
3
15
2
1
1
1
1
1
2
1
1
1
1
1
1
1
1
1
1
1
1
2
1
1
1
1
1
1
1
1
2
1
1
1
1
4
1
1
1
1
1
7
1
2
1
1
1
2
1
1
1
1
1
1
12
2
1
2
1
6
16
1
1
1
1
1
2
3
1
1
1
10
1
1
1
1
2
3
1
1
1
1
1
1
1
5
4
1
2
4
2
1
6
1
2
2
5
1
6
2
1
1
1
2
1
1
1
1
2
1
2
1
2
1
1
1
1
1
1
1
1
1
1
1
1
1
3
2
1
1
1
13
1
1
1
1
1
2
1
1
1
2
1
1
3
3
1
1
1
1
1
1
1
2
1
2
1
1
1
1
2
1
2
4
1
2
2
1
10
24
3
1
1
1
14
1
7
4
1
2
2
2
1
1
3
1
1
2
4
18
6
1
1
4
1
1
2
2
1
1
2
1
1
2
1
1
1
2
1
3
4
3
4
2
2
2
3
1
2
1
1
1
2
6
2
1
1
1
1
3
1
2
1
5
1
1
6
1
1
8
2
5
1
4
2
1
1
1
1
1
2
1
1
1
8
4
7
2
3
2
1
1
1
1
1
1
1
1
2
1
1
1
1
1
8
1
1
1
1
2
1
1
1
1
1
1
1
1
9
1
5
1
1
1
4
1
2
1
3
3
1
1
3
2
2
2
1
1
1
1
1
2
2
4
1
1
1
1
1
1
1
2
7
1
9
2
2
1
1
5
2
1
1
1
1
1
1
1
1
3
12
1
1
6
1
1
1
3
1
1
1
1
3
7
6
1
2
1
1
1
1
1
1
1
2
1
1
1
3
2
1
3
1
10
1
3
1
1
1
1
2
2
1
1
1
1
1
1
1
4
1
3
1
1
3
1
1
1
3
6
1
2
1
1
1
1
2
1
1
1
1
5
1
3
1
1
3
2
1
1
2
3
1
1
1
1
1
1
6
7
1
2
1
2
4
1
3
3
3
1
1
9
3
1
4
1
19
1
1
2
1
1
3
1
1
1
1
1
1
3
1
1
2
1
2
1
1
3
1
1
1
2
1
2
4
1
1
2
1
1
6
1
1
6
1
1
1
4
1
1
1
1
1
3
1
3
1
1
1
1
2
1
1
1
3
1
1
1
1
2
1
2
3
1
1
1
1
1
2
1
1
1
1
5
5
1
6
1
3
5
1
3
1
1
1
3
3
1
1
1
1
3
5
1
2
3
1
1
1
7
2
1
2
1
3
1
1
1
1
1
1
1
1
1
5
2
7
3
1
1
1
1
2
1
1
4
4
1
1
1
1
5
1
2
1
3
1
1
1
1
1
1
1
1
1
2
1
1
1
1
3
1
3
3
1
1
9
3
4
2
1
1
1
2
1
1
6
7
1
6
1
3
2
1
3
4
1
1
1
1
1
1
1
1
1
1
1
1
1
6
1
3
1
5
3
1
7
1
3
1
3
1
1
2
4
2
7
1
1
2
5
1
2
4
1
1
1
1
6
1
1
3
3
1
1
1
1
1
1
1
1
2
2
7
3
1
1
1
1
1
2
1
2
1
1
5
1
1
4
10
1
1
1
1
1
1
1
1
2
1
2
12
1
5
2
1
1
1
1
1
1
1
3
2
1
1
1
1
2
6
1
1
2
2
2
1
1
3
1
5
1
2
1
1
3
1
2
1
4
1
1
1
1
3
1
1
3
5
1
1
1
1
2
6
1
1
1
7
1
1
1
1
1
5
1
3
1
1
1
2
2
1
1
1
6
1
1
1
1
2
2
1
1
1
1
2
1
1
1
1
6
1
1
1
1
2
1
2
3
2
1
1
3
1
3
3
1
2
1
1
1
1
3
2
1
1
3
1
1
3
1
1
3
1
2
3
1
3
1
3
5
2
2
1
8
1
2
1
9
2
1
1
1
1
1
3
1
1
4
1
1
6
1
1
8
3
2
5
1
1
3
1
2
1
3
7
1
1
1
2
1
2
1
1
1
1
1
2
1
2
1
1
2
1
1
1
2
1
1
1
1
1
2
1
1
2
2
1
1
1
1
1
5
1
3
1
1
1
1
1
1
2
1
3
5
3
6
2
3
1
1
1
1
1
3
1
2
2
1
2
2
2
2
1
1
1
1
3
1
1
3
1
3
1
1
1
1
1
1
1
1
1
1
1
1
3
2
1
2
2
1
4
5
2
1
3
1
1
3
4
2
2
2
1
2
1
1
1
2
1
1
1
1
1
1
1
1
4
4
3
7
1
1
1
2
3
1
1
1
3
2
1
1
4
2
1
1
1
1
1
3
6
4
3
1
6
2
1
3
1
2
4
1
4
24
1
4
1
1
4
2
1
1
1
4
4
1
1
1
1
1
4
1
1
1
1
1
1
1
4
1
2
1
1
1
1
1
6
1
1
1
1
1
1
1
1
1
1
1
1
6
1
6
1
1
8
1
1
4
4
3
1
2
1
1
1
3
2
1
2
1
1
1
1
1
3
1
4
2
1
1
1
1
1
1
3
5
2
1
1
4
5
1
1
1
13
2
1
1
7
1
1
1
2
1
2
8
2
3
1
1
1
2
1
1
1
1
2
1
1
1
1
1
1
1
1
1
1
1
2
4
1
1
1
1
1
1
1
1
2
2
1
4
1
1
1
2
1
1
1
6
3
2
1
3
1
2
1
1
1
1
4
1
1
1
1
1
1
1
1
1
1
1
1
2
1
1
4
1
1
1
4
3
1
2
4
3
1
4
2
1
1
4
1
1
1
1
2
1
1
1
2
5
1
3
3
2
1
1
2
2
1
2
2
1
1
6
1
6
1
2
1
1
1
7
1
1
11
11
1
1
9
1
2
2
1
1
6
1
1
10
3
4
1
1
1
1
1
1
2
1
4
1
1
3
1
1
1
1
1
5
3
1
1
1
1
1
1
1
1
1
1
1
1
1
1
1
1
3
1
1
2
1
1
1
1
1
1
1
3
1
1
2
1
2
1
3
1
1
12
10
3
1
2
1
1
1
1
2
2
2
3
1
1
1
2
7
2
3
1
1
6
1
1
3
1
1
2
2
4
3
2
2
1
1
1
2
1
5
1
3
1
2
1
1
1
1
8
1
1
1
2
1
1
2
1
2
1
1
3
2
2
1
1
1
1
4
2
2
1
1
1
2
1
4
1
1
1
2
1
3
1
1
1
1
2
1
2
1
2
1
1
1
1
1
1
1
2
1
1
1
4
1
1
1
2
2
1
1
1
1
15
1
1
1
2
1
1
1
1
1
2
1
1
1
2
1
3
1
1
1
1
1
2
1
1
1
1
1
1
1
1
2
2
6
1
1
1
1
1
1
1
1
1
2
1
1
1
1
2
1
1
2
1
1
1
1
1
1
1
1
1
1
8
1
1
1
1
1
8
1
1
1
1
1
6
1
3
1
2
2
1
2
1
1
1
1
1
1
1
1
1
1
1
1
4
1
2
1
1
1
1
1
1
1
1
2
2
1
1
1
1
3
2
1
1
1
1
6
1
1
3
1
3
8
1
3
2
2
3
4
1
1
1
1
1
1
1
1
1
1
1
4
1
1
1
4
1
1
1
1
2
3
1
2
1
1
1
1
1
2
1
2
4
1
1
1
1
1
1
1
2
1
2
1
1
1
1
1
2
1
1
1
1
1
1
1
1
4
1
1
1
2
2
3
2
1
1
1
1
1
1
1
1
2
1
1
1
1
1
1
1
1
4
1
2
1
1
1
1
1
4
4
1
1
1
5
1
1
1
1
3
3
1
1
1
1
1
3
1
1
1
2
2
5
1
6
3
1
2
1
1
1
2
1
1
1
6
1
1
1
1
2
1
1
1
1
1
1
1
2
1
1
1
1
1
1
1
3
3
1
1
1
1
1
1
1
1
1
2
1
7
3
1
1
1
1
1
2
1
1
1
1
2
1
2
1
1
1
1
1
1
1
2
2
1
2
1
1
1
1
1
1
1
3
1
3
2
1
3
1
1
1
3
1
1
2
1
1
2
1
9
1
1
1
2
1
2
1
1
1
3
2
2
1
1
1
1
1
1
1
3
1
3
15
1
1
3
1
1
1
1
1
2
2
1
1
10
2
1
1
1
4
4
1
1
2
3
1
1
1
2
1
1
1
2
1
1
1
1
1
1
1
2
1
1
1
1
2
1
2
1
3
2
2
1
1
1
3
1
1
1
1
1
1
2
1
1
2
1
1
1
3
1
1
1
1
1
3
1
2
1
1
1
2
7
1
1
1
1
1
1
1
1
1
1
1
2
1
9
1
2
1
1
1
3
1
1
1
1
2
5
1
1
1
1
1
5
2
1
1
1
1
1
1
3
4
4
1
1
1
1
1
3
1
1
1
3
1
1
1
2
1
2
1
2
1
6
1
1
1
1
1
3
1
1
1
1
1
1
1
1
1
1
2
2
1
1
1
1
1
1
1
1
1
1
1
2
1
1
1
1
2
2
2
1
1
4
1
1
1
1
1
3
1
2
2
1
1
2
1
3
1
1
1
5
1
1
1
1
1
2
1
1
1
1
1
1
1
1
1
1
3
2
1
1
1
1
1
1
4
1
1
1
1
1
1
1
2
2
3
2
4
3
1
3
1
1
1
3
1
3
3
1
2
1
1
3
1
2
1
1
1
1
1
1
1
1
1
1
1
6
1
1
2
1
1
4
5
18
1
4
4
1
2
1
2
1
2
1
1
1
1
1
10
1
1
3
1
1
1
1
2
1
1
1
2
2
4
1
1
1
3
1
1
4
1
6
1
1
4
1
1
2
1
1
1
2
1
1
2
1
1
1
1
1
2
1
1
1
1
4
1
1
1
1
1
1
1
2
1
1
1
3
1
1
1
1
1
1
2
1
2
1
1
2
1
1
2
1
1
1
2
1
2
1
2
2
5
1
1
1
1
2
1
2
3
1
1
3
1
1
1
1
1
4
1
1
1
2
1
1
1
1
2
3
2
1
1
1
1
1
1
3
1
3
1
1
1
1
1
1
1
1
2
2
1
3
1
2
2
1
1
1
1
1
1
1
3
2
2
4
2
2
2
1
1
1
3
7
1
1
1
1
1
4
1
1
1
1
1
1
1
1
1
1
2
1
2
1
3
2
1
1
1
1
2
2
1
1
2
3
2
1
2
1
1
1
2
8
1
1
3
1
1
1
2
1
2
1
1
1
1
1
1
6
5
1
1
1
1
1
1
1
1
1
2
2
1
2
1
3
1
3
1
1
1
1
4
1
1
1
1
1
1
1
3
1
1
3
1
1
1
1
1
1
1
4
1
1
1
2
1
1
1
1
2
4
3
1
1
1
1
2
1
1
1
1
2
5
1
4
9
1
1
3
3
1
5
1
1
1
2
2
3
2
1
1
1
1
1
2
1
1
1
2
3
1
2
1
1
1
1
1
2
1
1
8
2
1
1
1
1
1
1
1
1
1
1
3
1
2
4
1
1
2
1
1
4
1
1
1
1
1
1
1
1
3
1
1
1
1
1
1
1
1
1
1
1
1
1
1
1
1
2
1
1
3
1
1
1
2
1
1
1
1
3
3
1
2
1
1
4
1
1
1
3
1
1
1
1
1
2
2
2
4
2
1
2
1
1
1
1
1
1
1
2
1
1
1
2
1
1
1
2
1
1
1
1
2
1
2
1
3
1
1
2
4
1
2
1
2
1
1
1
1
1
1
2
1
1
1
2
1
1
1
1
1
1
1
1
1
1
1
1
1
3
1
1
2
1
2
2
1
2
4
1
1
1
2
1
1
3
2
1
1
2
1
1
1
1
2
1
1
1
1
2
2
1
1
2
2
1
1
3
1
3
1
1
1
1
1
1
3
1
1
1
1
1
2
1
1
2
1
3
1
1
2
2
1
1
1
1
1
1
1
1
4
1
2
1
1
1
3
2
1
5
1
1
1
1
1
1
1
2
1
1
1
1
1
1
1
1
2
5
1
1
5
1
1
2
1
1
3
1
1
1
1
1
2
2
2
1
5
1
2
1
1
5
1
1
1
1
1
1
1
3
1
1
4
1
1
1
1
1
1
1
1
1
2
1
1
2
1
1
1
1
3
2
4
2
2
1
3
1
2
1
1
1
1
1
3
1
1
7
1
1
1
2
1
1
1
1
1
1
2
1
1
1
9
1
2
1
2
1
1
3
1
2
1
1
1
1
4
9
1
4
1
1
2
1
1
7
4
4
2
4
2
2
2
2
2
4
7
5
4
2
1
2
2
1
1
1
5
4
9
2
1
1
1
1
2
1
2
4
6
3
1
1
1
1
1
2
1
1
1
1
1
1
1
1
1
1
1
3
1
1
1
1
2
1
1
3
1
1
1
1
1
1
1
1
4
1
1
2
1
6
1
1
1
1
1
1
1
1
1
1
1
1
1
1
1
1
3
1
2
3
1
2
1
1
1
1
2
1
2
1
4
1
1
1
1
1
1
3
2
1
1
1
1
7
1
1
1
1
4
3
1
2
1
1
1
1
1
1
1
6
1
1
1
1
1
1
1
1
1
1
1
1
1
2
1
1
1
5
1
1
1
1
1
2
1
1
1
2
1
1
1
1
1
1
1
1
1
1
1
5
6
1
1
5
1
1
1
4
4
1
1
1
1
3
1
1
1
1
3
1
1
3
1
1
1
1
1
1
2
1
1
1
1
1
1
1
1
2
1
1
1
1
1
3
3
1
1
1
1
1
3
1
1
4
3
1
1
1
2
1
1
3
1
1
1
1
2
1
2
1
1
1
1
2
1
1
1
2
1
1
1
1
2
1
1
1
2
2
1
1
1
1
1
1
1
1
1
1
1
1
1
1
2
2
1
1
1
3
5
2
1
1
1
2
1
1
1
2
1
1
1
1
2
1
1
1
1
2
1
2
1
1
2
1
1
1
1
2
1
1
2
1
2
3
1
1
1
1
3
1
1
2
1
1
1
1
1
1
1
2
1
2
2
1
1
1
2
1
1
1
1
1
1
1
1
1
1
2
1
1
3
1
1
1
1
2
1
2
1
1
1
2
5
1
3
1
1
1
1
1
1
1
1
1
1
1
1
1
2
1
1
1
3
1
1
1
1
1
1
1
1
1
1
1
1
1
1
1
2
1
1
1
1
1
1
1
1
1
1
1
1
2
6
1
1
1
2
3
2
2
1
3
1
2
1
1
2
1
1
1
1
1
1
2
1
1
1
1
1
1
4
1
1
2
1
1
1
1
2
1
1
4
1
1
1
1
1
1
1
1
2
2
1
1
5
1
1
1
1
1
1
2
1
3
1
8
1
2
1
4
1
1
1
1
1
1
2
4
1
2
4
1
1
4
1
2
1
2
3
1
1
1
1
1
1
2
2
1
1
1
1
1
1
1
1
1
1
2
2
1
1
1
1
1
1
1
1
1
1
1
1
1
1
1
1
2
2
1
1
1
1
1
1
8
2
1
1
1
4
1
1
2
1
1
1
1
1
2
1
2
1
2
3
1
1
1
1
1
1
1
1
2
1
2
1
1
1
1
1
2
1
1
1
1
1
1
1
1
1
1
1
1
1
1
1
1
1
2
2
16
1
1
2
1
1
1
1
1
2
1
2
1
1
1
1
1
5
2
1
1
1
1
1
1
2
1
3
2
1
1
1
1
2
1
1
1
1
2
5
1
1
2
1
1
13
1
1
1
1
1
1
1
4
2
1
1
2
2
1
1
1
1
1
2
1
1
1
1
1
1
2
1
1
1
5
1
1
1
1
4
2
1
2
1
2
1
16
1
1
1
1
1
1
1
1
1
1
1
1
1
1
5
1
1
3
2
1
1
1
1
1
1
4
1
1
3
6
5
1
1
1
1
1
1
1
2
1
1
6
1
1
1
1
5
1
1
1
1
1
1
1
2
1
1
3
2
1
1
1
1
2
3
3
1
1
1
1
1
2
1
1
1
1
1
1
1
6
3
1
2
2
1
1
1
1
1
1
1
1
1
1
1
1
1
1
1
1
1
1
1
1
1
1
1
2
1
1
1
2
1
1
2
1
4
1
2
6
1
2
2
2
1
1
1
1
1
1
2
3
1
1
2
1
2
1
1
1
1
1
1
1
1
2
1
2
1
1
1
1
1
1
1
3
1
1
1
1
1
1
1
1
1
1
1
1
1
1
1
1
1
1
1
1
1
1
1
1
1
7
2
2
1
1
4
1
1
1
1
3
1
1
1
1
1
5
12
1
1
1
2
1
1
2
1
3
1
1
1
1
2
1
5
2
1
1
1
1
1
1
1
1
1
1
3
3
1
1
1
1
1
1
1
1
1
1
1
1
2
1
1
1
2
2
1
1
2
1
1
1
1
4
2
1
1
2
1
1
1
1
2
1
1
1
1
5
1
1
1
1
5
1
1
1
3
1
2
1
1
1
1
1
1
1
1
1
2
1
1
1
1
2
5
1
2
4
1
1
1
1
1
1
3
1
4
1
1
1
1
1
1
1
1
1
1
1
2
1
1
1
1
1
2
3
2
1
2
2
1
1
1
1
1
2
1
1
1
1
1
1
1
1
1
1
1
1
1
1
1
1
1
1
1
1
1
1
1
1
1
1
1
1
1
1
1
1
1
2
4
2
1
1
1
1
1
1
1
1
1
2
1
1
1
1
1
1
1
1
1
1
1
1
1
2
1
2
3
1
1
1
1
1
1
4
1
1
3
1
1
1
1
1
1
2
1
4
1
1
1
1
1
1
1
1
1
1
3
4
1
1
1
1
1
1
1
1
1
1
1
1
1
1
1
1
1
1
1
1
1
2
1
1
1
2
1
1
6
2
1
1
3
1
2
2
2
2
1
1
1
1
1
3
1
1
1
2
1
1
1
1
1
1
1
1
1
1
1
1
1
1
1
1
1
1
1
2
1
1
1
1
1
1
1
1
1
1
1
1
1
2
1
1
1
1
3
1
2
2
1
3
1
1
1
1
1
3
1
1
3
3
3
2
3
1
1
1
2
1
3
2
1
2
1
1
1
1
1
5
1
1
1
1
1
1
1
1
1
4
1
1
1
1
1
1
1
4
1
1
1
1
1
1
1
3
1
1
1
1
1
1
1
1
1
2
1
1
1
1
2
1
1
1
1
1
1
3
1
1
1
1
1
1
1
5
1
2
1
2
2
1
1
1
1
1
1
1
1
1
1
1
2
1
2
1
1
1
4
1
2
2
3
1
2
2
1
3
1
1
1
1
1
1
1
1
1
1
1
1
1
1
1
1
1
1
1
2
1
3
2
2
1
1
1
1
1
1
1
1
1
1
2
1
2
2
1
1
1
2
1
1
2
1
1
1
1
1
1
3
1
57
1
1
8
3
1
1
1
1
1
1
1
1
2
1
3
1
1
1
1
1
1
2
3
1
3
1
1
1
1
1
1
1
1
1
1
2
4
1
2
1
1
1
1
1
1
3
1
1
1
1
2
1
1
1
1
1
4
1
1
1
4
1
1
1
4
1
1
1
1
1
1
1
1
1
3
1
1
3
2
1
1
2
1
1
1
1
1
1
1
1
1
1
2
1
3
3
1
1
1
1
1
1
1
1
1
1
2
2
1
2
1
1
1
1
1
1
1
1
1
1
1
1
5
6
1
3
1
1
3
1
5
1
2
2
1
1
1
1
1
1
1
1
1
2
1
1
1
1
1
1
1
1
1
2
1
1
1
4
8
1
2
1
1
1
1
3
1
1
3
2
1
2
1
1
2
4
1
3
1
1
6
1
1
5
2
1
1
1
1
1
1
1
1
1
1
1
1
1
1
1
1
1
5
1
3
1
1
2
1
1
1
1
1
1
1
2
1
2
1
4
2
2
1
1
2
2
1
2
1
1
2
1
1
1
1
1
1
1
1
4
2
1
2
1
1
1
1
1
1
1
1
2
1
1
4
2
1
1
2
1
1
1
3
3
1
1
1
1
2
1
2
1
1
2
2
1
1
1
1
1
1
1
4
1
1
1
1
1
1
1
2
1
1
1
1
1
3
1
1
1
1
1
1
5
1
1
2
1
1
1
4
1
3
1
1
1
1
1
1
1
1
4
4
1
2
1
2
1
1
1
1
1
1
1
1
1
1
1
1
1
1
2
1
1
2
102
1
1
1
1
1
1
2
1
1
1
5
6
1
2
2
2
1
1
1
1
1
1
1
1
1
1
1
3
3
4
1
2
1
1
1
2
2
1
1
1
1
1
1
2
4
1
1
1
1
1
2
1
1
1
1
1
1
1
2
1
1
1
1
1
1
1
1
2
1
1
2
1
1
1
1
1
2
2
1
1
3
1
1
1
1
1
1
1
1
1
1
1
1
1
1
1
1
1
1
1
1
1
1
1
1
1
1
1
1
1
1
1
1
2
1
3
1
4
1
1
1
1
1
2
1
1
1
1
1
5
3
1
1
2
1
1
1
1
1
1
1
1
1
1
1
1
1
1
1
2
1
2
1
3
1
1
2
3
1
1
1
1
2
1
1
1
1
1
1
1
2
1
1
1
1
1
1
1
1
1
1
1
1
1
1
1
1
1
1
1
1
2
1
1
1
2
1
1
1
1
2
2
2
1
1
2
3
1
1
1
1
1
1
2
1
1
1
1
1
1
1
1
1
1
1
1
2
2
1
1
1
1
1
3
2
1
2
1
1
1
2
1
1
1
1
1
1
1
1
3
1
1
1
1
1
1
2
1
1
1
1
1
2
1
1
1
2
1
1
1
1
2
1
1
1
6
1
1
1
1
1
1
1
3
2
1
1
2
1
1
1
2
1
1
1
1
1
1
5
1
1
1
1
2
1
1
2
1
2
1
1
1
1
8
1
1
1
1
1
2
1
1
1
1
1
1
1
1
1
1
1
1
1
5
1
1
1
1
1
1
3
1
1
1
1
1
2
2
2
1
1
1
1
1
1
1
1
1
4
1
1
1
1
1
1
1
1
1
1
1
1
1
1
2
1
1
1
2
1
2
1
1
1
2
1
3
1
1
2
1
1
1
1
1
2
1
1
1
1
1
2
1
1
1
1
1
1
1
1
1
1
1
2
3
2
1
3
1
1
3
1
1
1
1
1
2
1
2
1
1
1
3
1
1
1
1
1
1
1
1
1
1
1
1
1
1
1
1
1
1
1
1
1
1
1
1
1
1
1
1
1
1
5
1
1
1
2
1
2
1
1
1
3
1
1
1
1
1
1
1
1
1
1
1
2
1
1
1
1
1
5
1
1
1
5
1
1
1
2
1
1
1
2
1
1
1
1
1
2
1
2
1
1
1
2
1
17
2
1
1
1
1
1
1
1
1
1
1
1
1
1
1
1
1
1
1
1
1
1
1
1
1
1
4
3
1
1
1
1
1
1
1
1
1
1
1
1
1
1
2
2
1
1
2
3
2
1
4
1
1
1
1
1
1
1
2
1
1
1
1
1
3
1
2
1
3
1
2
1
2
1
2
1
1
2
2
1
3
1
1
1
2
1
1
1
1
2
1
1
1
1
1
1
1
1
1
1
1
1
2
1
1
1
1
1
1
9
1
1
1
3
1
1
3
1
1
1
1
2
1
2
1
1
2
3
1
1
1
1
1
1
1
1
1
1
1
1
3
1
1
1
1
1
3
2
1
1
1
1
1
1
1
1
2
1
1
1
1
1
1
1
1
1
1
1
1
1
1
1
2
1
1
1
1
1
1
1
1
1
1
1
1
1
1
1
1
1
1
3
1
1
1
1
1
2
1
1
1
2
1
1
1
1
1
1
1
1
1
1
1
1
2
1
1
1
1
1
1
2
1
2
2
2
1
1
1
2
1
1
2
1
1
1
1
3
1
2
2
1
1
1
1
1
1
1
1
2
1
2
1
1
2
1
2
5
1
1
1
1
1
2
1
1
1
1
1
1
1
1
1
1
2
1
1
1
1
2
1
3
1
1
1
2
1
1
1
1
1
1
1
1
1
1
1
1
1
1
1
1
1
1
1
1
1
1
1
1
1
1
1
1
1
1
1
1
1
1
1
1
1
1
2
1
1
1
1
1
1
2
2
1
1
2
1
1
1
1
1
1
1
1
2
6
1
1
1
1
1
1
1
1
1
2
1
1
1
2
1
2
1
1
2
7
5
1
1
1
2
3
1
1
1
1
1
1
1
1
1
1
3
1
1
1
1
2
6
1
1
2
1
1
1
1
1
1
1
1
1
1
1
1
1
2
1
1
1
2
1
2
1
1
1
1
1
1
3
1
1
1
1
1
3
9
1
1
1
1
1
1
1
1
1
1
1
1
1
1
1
1
1
1
1
1
1
1
1
2
2
2
1
1
2
1
1
1
1
2
1
1
1
1
2
1
1
1
3
1
1
3
1
2
1
1
1
1
1
1
1
1
1
1
1
2
1
1
1
1
1
2
1
1
1
1
1
1
1
1
1
1
1
1
2
1
2
1
1
1
2
2
1
1
1
3
1
3
2
1
1
1
1
1
2
1
1
1
1
1
2
1
1
1
1
1
1
1
1
1
1
1
1
3
2
2
1
1
1
1
2
2
1
1
1
2
1
1
1
1
1
3
1
1
2
1
1
3
2
1
1
1
1
1
2
7
2
1
2
1
1
1
1
1
3
1
1
2
1
2
1
1
1
1
1
1
1
1
1
1
1
1
1
1
1
2
1
1
1
1
2
1
1
1
1
1
1
1
1
2
1
1
1
1
1
1
1
1
1
1
1
1
1
1
1
1
1
1
1
1
1
2
4
1
1
1
2
3
1
1
4
2
1
1
1
1
1
1
1
1
2
1
1
3
1
1
1
3
1
1
1
1
1
2
1
1
1
1
1
1
1
1
1
3
1
1
1
1
1
1
1
1
1
1
2
1
1
1
2
1
1
1
1
1
1
1
1
1
2
1
1
1
1
1
1
1
1
1
1
1
1
1
1
1
1
2
2
1
1
1
1
1
1
1
2
1
1
1
1
1
1
1
1
1
1
1
3
1
1
1
1
1
1
1
2
1
1
1
1
1
1
1
1
1
1
1
1
1
1
1
1
1
1
1
1
1
3
1
1
1
1
4
1
1
1
2
1
1
1
1
3
1
1
2
2
1
1
1
1
1
1
4
1
1
1
1
1
1
1
1
1
1
2
1
4
1
1
3
1
1
1
1
2
1
1
1
1
1
4
2
2
2
2
1
2
1
1
1
1
1
1
1
1
1
2
1
1
2
1
1
1
2
1
1
1
1
1
1
2
1
1
1
1
1
1
1
2
1
3
1
5
1
2
7
1
1
1
1
1
1
1
2
1
1
1
1
1
1
1
2
1
1
1
2
1
2
1
1
1
1
1
1
1
1
1
2
1
1
1
1
1
1
1
1
1
2
1
1
1
1
1
1
2
1
1
1
1
2
1
1
1
3
1
1
1
1
1
1
1
4
1
1
1
1
1
1
1
1
1
1
1
1
1
1
1
1
1
1
2
1
1
2
3
3
1
1
1
1
1
1
1
1
2
1
1
1
1
1
1
1
1
1
1
1
1
1
1
1
1
1
1
1
1
1
1
1
1
1
2
1
1
1
1
1
1
1
3
1
1
1
1
1
3
1
1
1
2
1
1
1
2
1
1
1
3
1
1
1
2
1
1
1
1
2
1
2
1
1
1
1
1
1
2
1
2
1
1
1
1
1
1
1
1
1
1
2
3
1
1
1
1
1
1
1
1
1
1
1
2
1
2
1
1
2
11
2
1
1
2
2
1
3
9
1
1
1
1
1
1
1
1
1
1
1
1
1
1
1
1
1
1
1
1
2
2
1
1
1
3
1
1
1
1
1
1
1
1
1
1
1
1
1
1
1
1
4
1
1
1
1
5
1
1
1
1
1
1
2
1
1
1
1
1
1
1
1
1
3
2
1
1
1
1
1
1
1
1
1
2
1
1
1
1
2
1
1
1
1
1
1
1
1
1
1
1
2
1
1
1
1
1
1
1
1
1
1
1
1
1
1
1
1
1
1
1
2
1
1
1
1
1
3
1
1
1
1
1
1
1
1
1
1
1
3
1
1
2
1
1
2
1
1
1
1
2
1
1
1
1
1
1
1
1
1
1
1
1
1
1
1
1
1
1
1
5
1
1
1
1
1
1
1
2
1
1
1
1
1
2
1
1
1
2
1
1
1
1
1
2
2
1
1
1
1
2
1
1
1
1
1
1
1
1
1
1
2
1
1
1
1
1
1
1
1
1
1
1
1
1
1
1
1
1
1
1
1
1
1
1
1
1
1
1
1
1
1
1
1
1
1
2
1
1
1
1
7
3
7
1
1
1
1
2
1
1
1
1
1
1
1
1
1
1
2
2
1
1
1
1
1
1
1
1
1
1
1
1
1
1
2
1
1
1
1
1
1
1
1
1
1
1
2
1
1
1
1
1
1
1
4
1
1
1
1
1
2
2
1
6
1
2
1
1
1
1
1
1
6
1
1
1
1
1
1
1
2
1
1
2
1
1
1
1
1
1
1
1
1
1
1
1
1
1
1
1
1
1
1
1
1
1
1
1
1
1
1
1
1
1
1
3
1
1
1
1
1
2
1
1
1
1
1
1
2
1
1
1
1
1
1
1
1
1
1
1
1
2
1
1
2
1
1
1
1
1
2
1
2
1
1
1
1
1
1
1
1
1
1
1
1
3
1
2
1
1
1
1
1
1
1
1
1
1
1
1
1
1
3
1
1
1
1
3
1
1
1
2
1
1
1
1
2
1
1
1
1
1
1
2
2
1
1
1
1
1
1
1
1
1
1
1
1
1
1
1
1
1
1
2
1
1
1
1
1
1
1
1
1
5
1
1
1
1
1
1
2
1
1
2
1
1
1
1
1
1
1
1
1
1
2
3
1
1
1
1
1
1
1
3
1
1
1
1
1
1
1
1
1
3
1
1
1
1
1
1
1
1
3
1
1
1
1
1
5
3
1
1
1
1
1
1
2
1
1
1
1
2
2
1
1
1
1
1
1
1
1
1
2
1
1
1
1
1
1
1
2
1
1
1
1
1
1
1
1
1
1
2
1
1
4
1
1
3
1
1
2
26
1
2
1
1
2
1
2
1
1
2
1
1
1
2
1
1
1
1
3
2
1
1
1
1
1
1
1
1
2
1
1
1
2
1
1
1
2
1
1
1
1
1
2
11
1
1
1
1
1
1
2
3
1
1
1
1
1
3
1
1
1
1
2
1
1
2
1
1
1
4
1
7
2
1
1
1
1
1
1
1
2
1
1
1
1
2
1
2
1
1
1
1
1
1
1
1
1
1
1
1
1
1
1
1
1
1
1
1
1
3
1
1
1
1
1
1
1
1
1
1
1
1
1
1
1
1
1
3
1
1
1
1
1
1
1
1
1
1
1
2
1
1
1
1
2
1
1
2
1
1
1
1
1
1
1
1
1
1
1
1
1
1
1
1
1
1
2
1
1
2
1
1
1
2
1
1
1
1
2
1
2
1
1
1
1
2
1
1
1
1
1
4
1
7
1
1
1
1
1
1
1
1
1
1
1
1
3
1
1
1
2
1
1
1
1
1
1
1
1
1
2
1
1
1
1
1
2
1
1
1
1
1
1
2
1
1
1
1
1
1
1
1
1
1
1
1
1
1
1
4
1
1
1
1
1
1
1
1
1
1
1
1
1
3
3
3
1
1
1
1
1
1
1
1
1
1
2
1
1
1
2
1
1
1
1
3
1
1
1
1
1
1
1
1
1
1
3
1
1
1
1
1
1
1
1
1
1
1
1
1
1
1
1
1
1
1
1
2
1
1
1
1
2
1
1
1
1
1
1
1
1
1
1
2
1
1
1
1
1
1
1
2
1
1
1
2
1
1
1
1
1
1
1
1
1
1
1
1
3
2
2
1
4
2
1
1
1
1
1
1
1
1
3
1
1
1
1
1
3
1
1
3
1
1
1
1
1
1
1
1
1
1
1
1
1
1
1
1
1
1
1
1
1
1
1
1
1
1
1
1
1
1
1
1
1
1
1
1
1
1
1
1
2
1
1
1
1
1
1
1
1
1
1
1
1
1
1
1
1
1
1
1
1
1
1
2
1
1
1
1
1
1
1
1
1
1
1
1
1
1
1
2
1
1
1
1
1
2
1
1
1
1
1
3
1
1
1
1
1
1
1
1
1
1
1
1
1
1
1
1
1
2
1
1
1
1
1
1
1
1
1
1
1
1
1
1
1
1
1
1
1
1
2
1
1
1
1
1
1
1
1
1
1
1
1
1
1
1
1
1
1
1
1
1
1
1
1
1
1
1
1
1
1
1
2
1
1
1
1
1
1
1
2
1
1
1
2
1
1
1
1
1
1
1
1
1
1
1
1
1
1
2
1
1
1
1
1
1
2
2
1
1
1
1
1
1
1
1
1
1
1
1
1
1
1
1
1
1
1
1
1
1
1
2
1
1
3
1
1
1
2
1
1
2
1
1
1
1
1
1
1
1
1
2
2
1
1
1
1
3
1
1
1
1
1
1
1
1
1
1
1
1
1
1
1
11
1
1
1
1
1
1
1
1
1
5
1
1
1
1
1
1
1
1
1
1
1
1
1
1
1
1
1
1
1
1
1
1
2
1
1
1
1
1
1
1
1
1
1
1
1
4
1
1
1
1
1
1
1
2
1
1
2
1
1
1
1
1
2
1
1
1
1
2
1
1
1
1
1
1
1
1
1
1
1
1
1
1
1
1
2
2
2
1
1
1
1
1
1
1
1
2
1
1
1
2
1
1
1
6
1
1
1
2
1
1
1
1
1
1
1
1
1
1
1
1
1
1
1
1
1
1
1
1
1
1
1
1
1
1
1
3
1
1
1
1
1
1
1
1
1
1
1
1
1
1
1
1
1
1
1
1
1
1
1
1
1
2
1
1
1
1
1
1
1
1
1
1
1
2
1
1
1
1
1
1
1
1
1
1
1
2
1
2
1
1
1
1
1
1
1
1
1
1
1
1
1
1
5
1
1
1
1
1
1
1
1
1
1
1
1
1
2
1
1
1
1
1
1
1
1
1
2
3
1
1
1
1
1
1
1
1
1
1
1
1
1
1
1
1
1
1
1
1
1
1
1
1
1
1
2
1
1
2
1
1
1
1
1
1
1
1
1
1
1
1
1
1
1
1
1
1
1
1
1
1
1
1
2
1
1
2
1
1
1
1
1
1
1
1
2
1
1
1
1
1
1
1
1
1
1
1
1
1
1
1
1
2
2
1
1
2
1
1
1
1
1
1
1
1
1
1
1
1
1
1
1
1
1
1
1
2
1
1
1
1
1
1
1
1
1
1
1
1
1
1
1
1
1
1
1
1
1
1
2
1
1
1
1
1
1
1
1
1
1
1
1
1
1
1
2
1
1
1
1
1
1
1
1
1
2
2
1
1
1
1
1
1
1
1
1
1
1
1
1
1
1
1
1
1
1
1
1
1
1
1
2
1
1
1
1
1
1
1
2
1
1
1
1
1
1
1
1
1
1
1
1
1
1
1
1
1
1
1
1
1
1
1
1
1
1
1
1
1
1
1
1
1
1
1
1
1
1
1
1
1
1
1
1
1
1
1
1
1
1
1
2
3
1
1
1
4
1
1
2
1
1
1
1
1
1
1
1
1
1
1
1
1
1
1
3
1
1
1
1
1
1
1
1
1
1
1
1
1
1
1
1
1
1
2
1
1
1
2
2
2
4
1
1
1
1
1
1
1
1
1
1
1
1
1
1
1
1
1
1
1
1
1
1
1
3
1
1
1
1
1
1
1
1
5
1
3
1
1
1
1
1
2
2
1
1
1
1
3
1
1
1
1
1
1
1
1
1
1
1
1
1
2
1
1
1
1
1
1
2
2
1
1
1
1
1
1
1
1
1
1
2
1
1
1
1
1
1
1
1
1
1
1
1
1
1
1
1
1
1
1
1
1
1
1
1
1
2
1
1
1
1
1
1
1
1
1
1
1
1
2
1
1
1
1
1
1
1
1
1
1
1
1
1
1
1
1
1
1
1
1
1
1
1
1
1
1
1
1
1
1
1
1
1
1
1
1
1
1
1
1
1
1
1
1
1
1
1
1
1
1
1
1
1
1
1
1
4
1
1
1
1
1
1
1
2
1
1
1
1
1
1
2
1
1
1
1
1
4
1
1
1
1
1
1
1
1
1
1
1
1
1
1
1
2
1
1
1
2
1
2
1
4
1
1
2
1
1
1
2
1
1
1
3
1
1
1
1
1
1
1
1
1
2
1
1
1
1
1
1
1
1
1
1
1
1
1
1
1
1
1
1
1
1
3
1
1
1
1
1
1
1
2
1
1
1
1
2
1
1
1
4
1
1
1
1
3
1
1
1
2
1
1
1
2
1
1
1
2
1
2
1
1
1
1
1
1
1
3
1
2
1
1
1
1
1
1
1
1
1
1
1
1
1
1
1
1
1
1
1
1
1
1
1
1
1
1
1
1
1
1
1
1
2
1
1
1
1
1
4
1
1
1
1
2
1
1
1
1
1
2
1
1
1
1
1
1
1
1
1
1
1
1
1
1
1
1
1
1
2
1
1
1
1
1
1
1
1
1
1
1
1
1
1
1
1
1
1
1
1
1
1
1
1
1
1
1
1
1
1
1
1
1
1
1
4
1
1
1
1
1
1
1
1
1
1
1
2
1
1
1
1
1
1
2
1
1
2
1
1
1
1
2
1
1
1
1
1
1
2
1
1
1
2
1
1
1
1
1
1
3
1
1
1
1
1
1
2
1
2
1
1
1
1
1
1
1
1
1
1
1
1
1
1
1
1
1
1
1
1
2
2
1
3
1
1
1
1
1
1
1
1
1
4
1
1
1
1
1
1
2
1
1
1
1
1
1
1
1
1
1
1
1
1
1
2
2
1
2
1
1
1
1
1
1
1
1
1
1
1
1
1
1
1
1
1
1
1
1
1
6
2
1
1
1
1
1
1
1
1
2
1
1
1
1
1
1
1
1
1
1
1
1
1
1
1
1
2
2
2
1
1
1
1
1
1
1
1
1
1
2
1
1
1
1
1
1
1
1
1
1
1
1
1
1
1
1
1
1
1
1
1
1
2
2
1
1
1
1
1
1
1
1
1
1
1
1
1
1
1
1
1
1
1
1
1
2
1
2
1
1
1
1
1
2
1
1
1
1
1
1
1
1
1
1
1
1
1
1
8
1
1
1
1
2
1
1
3
2
1
1
1
1
1
1
1
1
1
1
1
1
1
1
1
1
1
1
1
1
1
1
1
1
1
1
1
1
1
1
1
1
1
1
2
1
1
1
1
1
2
1
1
1
1
1
1
1
4
1
1
1
1
1
1
4
1
1
2
1
1
1
1
1
1
1
1
1
1
1
1
1
1
1
1
1
1
1
1
1
1
1
1
1
1
1
1
2
1
1
1
2
1
1
1
1
1
1
1
1
1
1
1
1
1
1
1
1
1
1
1
1
1
1
1
1
1
1
1
1
1
1
2
2
1
1
1
1
1
1
1
1
1
1
2
1
1
1
1
1
1
1
1
1
1
1
1
1
1
1
1
1
1
1
1
1
1
1
1
1
1
1
1
1
1
1
1
1
1
2
1
1
1
1
1
1
1
1
9
1
1
1
1
1
2
3
1
1
1
1
1
1
1
1
1
1
1
66
1
4
10
107
1
147
1
4
6
1
1
1
1
1
6
1
1
1
1
1
1
1
4
1
1
1
3
1
1
1
1
2
1
7
2
3
26
2
8
43
2
12
1
2
4
14
1
5
3
2
65
1
1
2
1
1
1
14
2
1
1
1
1
3
2
1
1
1
1
19
1
1
1
1
7
28
1
14
1
1
1
1
3
1
1
1
1
1
1
1
1
7
39
1
1
1
2
1
1
1
4
1
1
1
1
8
1
1
1
1
6
1
1
1
1
1
1
23
1
1
32
1
1
21
2
2
6
1
1
6
1
9
2
1
1
3
1
40
1
1
1
3
1
1
7
3
1
3
3
1
2
1
1
3
1
1
1
1
3
5
1
1
1
1
1
2
2
2
1
2
1
1
1
1
1
1
1
1
1
13
2
1
1
2
1
1
1
1
1
1
1
1
1
1
15
1
3
12
4
1
1
1
1
6
1
1
1
1
5
2
4
1
1
1
4
1
1
1
1
1
1
1
1
1
3
1
1
1
1
2
1
1
97
2
1
1
1
3
1
1
1
1
1
1
1
1
1
1
1
1
1
1
1
1
1
1
1
1
1
1
1
1
1
4
1
1
1
1
1
1
1
1
1
1
1
1
1
1
1
3
1
1
1
1
2
1
1
1
1
1
1
1
1
1
1
2
1
2
1
1
1
1
1
1
1
2
1
1
1
1
1
1
4
1
1
2
1
6
1
1
1
1
1
38
2
1
1
1
1
1
1
1
1
1
1
1
2
1
1
2
1
2
1
1
1
1
5
1
1
1
1
1
4
2
3
1
1
1
1
1
1
1
14
1
1
1
1
1
1
1
2
1
1
1
1
1
3
2
2
1
2
1
3
1
1
1
1
2
2
3
1
1
1
4
2
7
1
1
1
1
1
1
1
7
1
1
1
1
1
1
2
1
1
10
1
1
1
1
1
1
1
2
1
1
1
1
1
3
2
1
1
2
3
1
1
1
1
2
6
1
1
1
1
4
1
2
1
1
6
1
1
4
1
1
1
1
1
1
1
1
1
1
1
1
1
1
1
1
4
1
1
1
3
1
1
3
1
1
1
2
1
1
2
1
1
1
1
2
1
3
1
1
1
1
1
2
1
1
8
1
1
2
1
1
1
1
2
1
2
1
1
1
3
1
1
1
1
1
1
1
1
1
1
2
2
2
2
1
1
1
1
1
1
1
1
1
3
2
1
1
1
1
1
1
1
1
2
1
1
1
1
2
1
1
1
1
1
1
1
1
1
1
1
1
1
5
1
1
1
2
1
1
1
1
1
1
1
1
2
1
1
2
2
3
1
1
8
1
3
3
1
1
1
1
1
1
1
1
1
1
2
1
1
1
1
1
1
1
1
1
2
1
4
1
1
1
2
1
1
1
2
1
1
1
1
1
1
1
1
4
1
55
2
1
1
1
1
3
3
2
1
1
1
4
2
1
2
1
1
1
7
1
1
1
1
1
2
3
1
1
15
1
1
1
1
1
1
1
1
4
1
1
1
1
2
1
1
1
1
1
1
1
1
1
1
1
1
1
1
1
1
1
1
6
4
1
5
1
1
1
1
1
1
1
1
2
1
1
2
1
1
6
1
1
4
1
1
3
2
1
1
1
1
1
2
1
1
2
1
1
1
1
1
1
1
1
1
1
1
1
1
1
1
1
1
1
1
3
1
1
1
1
1
1
1
1
1
1
1
1
2
1
1
4
1
1
1
1
1
1
1
1
1
1
1
1
1
2
2
2
2
2
2
1
1
1
1
1
1
2
1
1
2
2
1
1
1
1
1
1
2
1
1
1
2
1
1
1
1
1
2
1
1
2
1
1
2
1
1
1
1
1
1
1
3
2
1
1
1
1
1
1
1
4
1
1
1
1
1
1
5
1
1
1
1
2
1
1
1
1
1
1
1
1
2
1
1
1
1
1
1
1
1
1
1
5
1
3
1
1
1
2
2
2
2
2
2
2
2
2
2
1
1
1
1
1
1
1
1
1
1
1
3
1
1
1
1
1
1
1
1
1
1
1
1
1
1
1
1
1
1
1
1
1
1
1
1
1
1
1
3
1
1
1
1
1
4
3
1
1
1
1
1
1
1
2
1
1
1
3
1
1
1
1
1
1
1
1
1
1
2
1
1
1
1
1
1
2
1
1
1
1
1
2
1
1
1
1
1
1
1
1
1
1
1
1
1
1
1
1
1
1
1
6
1
1
1
1
1
1
1
1
1
2
2
1
1
1
1
1
1
1
1
1
1
1
1
2
1
1
1
3
2
1
1
3
3
3
2
1
1
1
1
2
1
1
1
1
1
1
1
1
1
2
1
1
1
5
1
1
1
1
1
1
1
1
1
1
1
1
1
1
1
1
2
2
1
1
1
1
1
2
1
1
1
1
1
1
1
1
1
1
1
1
1
1
2
2
1
1
1
1
4
1
1
2
2
1
1
1
1
1
1
1
1
1
1
1
1
1
1
1
1
1
1
1
1
1
1
1
1
1
1
1
2
1
1
1
1
1
2
1
1
2
1
1
1
1
2
1
1
2
1
1
1
1
1
1
1
1
1
1
3
6
1
1
1
1
1
1
1
1
1
1
1
2
1
1
1
1
5
2
1
1
2
1
1
1
1
1
1
1
1
1
1
1
1
1
1
1
2
1
1
1
1
1
1
6
1
1
1
1
1
1
1
1
1
1
1
1
1
1
1
1
10
1
1
1
1
1
1
1
1
1
4
1
1
2
1
1
1
1
2
1
1
1
1
4
1
4
1
3
1
1
2
1
1
1
1
1
1
1
1
2
1
2
3
1
2
1
1
2
1
1
1
2
1
1
1
1
1
2
1
1
1
1
1
1
1
1
1
1
8
1
2
2
2
2
2
2
2
2
2
1
2
1
5
2
2
2
1
2
1
2
2
2
2
2
2
1
1
1
1
1
8
1
1
1
1
2
1
1
1
1
1
1
1
1
1
1
1
2
1
1
1
1
1
1
1
1
1
2
1
1
1
1
1
1
1
1
1
1
1
1
1
1
2
2
1
1
1
1
1
1
1
1
1
1
1
1
1
1
1
1
1
1
1
1
1
1
1
1
1
1
1
1
1
1
1
1
1
2
1
1
1
1
2
1
1
1
1
1
1
1
1
1
1
1
1
3
2
1
1
1
1
1
1
1
1
1
2
1
1
1
1
2
1
1
1
1
1
1
1
2
3
3
1
1
1
1
1
1
1
3
1
1
1
1
2
1
1
1
1
1
2
1
1
1
1
2
1
1
1
1
2
1
2
1
1
1
1
1
1
1
1
1
1
1
1
1
1
1
1
1
1
1
1
1
1
1
1
1
1
1
1
1
1
1
1
1
1
1
1
1
1
2
2
1
1
1
1
1
1
3
1
1
1
1
1
1
1
1
1
1
1
1
1
1
4
1
1
1
1
1
1
1
1
1
1
1
1
1
1
1
1
3
1
1
1
1
1
1
1
1
1
1
1
1
1
1
1
1
1
1
1
1
1
1
1
1
1
1
1
1
1
1
1
1
1
1
1
1
1
1
4
1
1
1
1
1
1
1
1
1
2
2
2
2
1
1
1
1
1
1
1
1
1
1
1
4
1
1
1
1
1
1
1
2
1
1
1
1
1
1
1
1
1
1
1
2
1
1
1
2
1
1
1
1
1
1
1
1
1
1
2
1
1
1
1
1
1
1
1
1
1
1
1
1
1
1
1
1
2
1
1
1
1
3
1
1
1
1
1
1
1
1
2
1
1
1
1
1
1
1
1
1
1
1
1
1
1
1
1
1
1
1
1
1
1
1
1
1
1
1
1
1
1
1
1
1
1
1
1
1
1
1
1
1
1
2
1
3
1
1
1
1
1
1
1
1
1
2
1
1
1
1
1
1
1
1
1
1
1
1
1
1
4
1
1
1
1
1
1
1
1
1
1
1
1
1
1
1
2
1
1
1
1
1
1
1
3
3
1
1
1
1
1
2
2
1
1
1
1
1
1
1
1
1
1
1
1
1
1
1
1
1
1
1
1
1
1
1
1
1
2
1
1
1
1
1
1
1
1
1
1
1
1
1
3
1
1
2
1
1
1
1
1
2
1
1
1
1
1
1
3
1
2
1
1
1
1
1
1
1
1
1
1
1
4
1
1
8
2
1
1
1
1
1
1
1
1
1
1
1
1
1
1
1
1
1
1
1
1
1
1
1
1
1
1
1
1
1
1
1
1
1
1
3
1
1
3
1
1
1
7
1
6
1
1
1
1
2
1
1
1
1
1
2
1
1
1
1
1
1
1
1
1
1
1
1
1
1
1
1
1
1
1
1
1
1
1
1
1
1
1
1
1
1
1
1
1
1
1
1
1
1
1
1
1
1
1
1
1
1
1
1
1
1
1
1
1
1
1
1
1
1
1
1
1
1
1
2
1
1
1
1
1
1
1
1
1
1
2
1
1
1
1
1
1
1
1
1
1
1
1
1
1
1
1
1
1
1
1
1
1
1
1
1
1
1
1
1
2
1
1
1
1
1
1
1
1
1
1
1
1
1
1
1
1
1
1
1
1
1
1
1
2
1
1
1
1
1
1
1
1
1
1
2
1
1
1
1
1
1
1
1
1
1
1
1
1
1
1
2
1
1
1
1
1
1
1
1
1
1
1
1
1
1
1
1
1
1
1
1
1
1
1
1
1
1
1
1
2
1
1
1
1
1
1
1
2
2
2
2
2
2
1
1
1
1
1
2
2
2
2
1
1
1
4
1
1
1
1
1
1
1
1
2
1
1
1
1
1
1
1
1
1
1
1
1
1
1
1
1
1
1
1
1
1
1
1
1
1
1
1
1
1
1
1
1
1
1
1
1
1
1
1
1
1
1
1
1
1
1
1
1
1
1
1
1
1
1
1
1
1
1
1
1
1
1
1
1
1
1
1
1
1
1
1
1
1
1
1
1
1
1
1
1
