0,182,10,97,137,188,105,150,
1,9,123,
2,
3,
4,
5,5,
6,189,143,178,99,
7,12,123,19,125,
8,5,105,123,188,
9,5,174,
10,5,62,
11,
12,
13,126,86,89,105,54,77,43,
14,89,125,125,
15,105,133,82,5,123,92,
16,80,125,97,123,40,
17,89,
18,3,125,
19,89,5,90,123,4,15,
20,
21,
22,9,90,
23,
24,
25,9,
26,
27,42,
28,5,123,87,123,46,
29,
30,
31,
32,123,
33,
34,128,
35,152,32,4,64,123,
36,
37,20,144,
38,93,5,125,152,123,
39,123,
40,
41,152,32,123,
42,148,
43,152,61,59,19,125,83,
44,
45,89,9,105,
46,64,152,123,
47,82,9,
48,19,5,15,5,
49,5,170,
50,174,
51,
52,9,82,
53,49,110,49,144,183,
54,
55,1,87,123,46,
56,
57,5,
58,111,166,110,
59,125,123,144,89,
60,110,123,138,
61,
62,152,62,120,125,61,
63,
64,3,
65,5,72,5,
66,59,9,152,
67,
68,59,33,
69,1,
70,34,
71,140,
72,
73,
74,
75,89,123,4,105,123,
76,182,59,11,123,
77,
78,
79,5,15,5,
80,
81,5,
82,59,11,89,
83,
84,9,105,72,
85,
86,
87,9,90,105,123,72,
88,191,
89,123,14,62,
90,123,
91,177,180,
92,17,
93,
94,185,
95,
96,89,125,
97,1,
98,187,156,123,48,123,
99,
100,123,
101,87,123,46,152,182,
102,9,
103,
104,46,
105,15,34,125,123,46,
106,
107,82,9,
108,123,157,
109,
110,5,62,
111,5,105,
112,
113,
114,84,
115,
116,
117,5,152,169,
118,5,
119,82,9,128,182,123,
120,168,
121,123,11,81,11,77,
122,5,62,
123,
124,122,182,105,
125,152,5,123,
126,9,105,123,
127,182,120,
128,15,144,
129,123,189,143,130,178,
130,152,64,134,125,142,110,
131,64,
132,
133,189,143,178,180,
134,5,105,
135,15,42,182,163,
136,5,105,
137,179,5,
138,54,
139,144,64,121,
140,
141,172,68,
142,
143,4,
144,
145,
146,124,
147,15,4,54,
148,152,37,105,
149,59,12,
150,59,33,
151,86,125,68,123,
152,
153,42,59,12,87,182,76,57,
154,110,180,191,
155,
156,
157,182,43,89,
158,26,
159,
160,17,19,125,83,
161,
162,68,5,
163,30,
164,5,123,
165,
166,
167,
168,
169,5,90,
170,
171,170,167,
172,
173,
174,
175,5,104,72,
176,178,146,
177,
178,
179,159,186,
180,5,
181,90,142,
182,9,
183,102,
184,158,
185,
186,
187,27,
188,5,62,105,123,72,
189,15,42,11,
190,
191,
192,
193,5,
194,90,
195,82,69,59,11,
196,59,105,123,
197,1,105,188,
198,67,70,120,5,72,89,79,
199,
200,54,110,182,123,
201,102,
202,
203,89,125,123,
204,
205,17,62,
206,5,43,105,123,188,
207,5,105,
208,4,105,54,
209,
210,
211,
212,129,49,120,
213,5,
214,15,5,
215,
216,
217,
218,169,
219,
220,
221,9,
222,5,80,97,125,
223,152,17,
224,59,
225,
226,
227,5,125,43,
228,5,62,
229,4,
230,59,17,
231,182,152,167,
232,
233,
234,59,
235,29,111,
236,5,90,105,123,188,
237,5,
238,25,93,41,125,54,19,
239,135,
240,135,
241,5,72,110,9,
242,181,
243,17,
244,
245,5,90,
246,
247,157,123,142,144,150,125,
248,
249,87,123,46,
250,5,
251,59,191,
252,
253,182,43,
254,139,8,
255,59,9,110,
256,105,153,59,11,
257,122,
258,102,
259,
260,59,11,123,
261,142,123,123,
262,4,110,120,
263,
264,
265,
266,105,19,97,
267,
268,135,180,54,3,89,
269,50,
270,89,79,4,105,142,
271,
272,
273,89,
274,
275,59,11,5,110,54,19,125,97,
276,
277,182,137,188,
278,9,
279,125,123,167,
280,170,64,110,123,
281,182,110,
282,152,123,
283,
284,168,
285,93,180,178,125,
286,
287,128,59,11,89,
288,123,166,
289,160,125,97,144,15,120,
290,
291,182,43,89,
292,
293,
294,54,180,98,
295,
296,32,25,123,
297,111,123,158,182,125,123,110,
298,59,17,152,182,88,70,
299,15,5,156,76,123,85,
300,
301,59,33,
302,170,144,
303,102,
304,
305,102,
306,9,
307,182,37,64,137,182,
308,
309,121,188,
310,9,72,5,90,
311,
312,
313,105,
314,9,
315,59,17,
316,15,42,80,
317,5,50,
318,87,
319,
320,
321,8,120,
322,102,
323,123,79,181,
324,15,5,125,
325,
326,8,
327,
328,
329,123,105,130,17,15,59,42,
330,4,
331,121,137,188,
332,120,123,
333,80,89,180,152,82,
334,
335,9,15,42,
336,123,105,152,157,
337,
338,4,105,110,
339,82,
340,
341,5,90,
342,172,
343,17,
344,17,105,9,72,
345,
346,87,123,46,
347,
348,187,89,182,123,
349,
350,9,
351,84,123,123,
352,125,123,9,
353,3,123,
354,9,105,180,179,
355,
356,170,157,17,144,102,125,
357,
358,9,
359,5,123,185,
360,182,105,123,97,144,125,97,137,89,182,123,102,
361,59,105,
362,84,65,110,123,
363,191,
364,42,102,84,129,123,
365,5,62,
366,
367,123,110,123,
368,
369,
370,89,32,123,123,
371,
372,
373,182,37,105,105,30,90,
374,
375,
376,5,
377,
378,156,
379,
380,
381,185,178,104,97,
382,
383,
384,102,
385,99,181,
386,
387,9,105,123,72,
388,152,182,168,
389,4,105,
390,
391,9,
392,
393,59,
394,3,184,125,190,
395,5,105,72,
396,59,9,
397,
398,17,
399,121,145,
400,15,5,
401,175,
402,
403,5,152,156,
404,1,
405,5,
406,152,62,
407,
408,181,
409,152,9,
410,17,
411,176,
412,5,
413,
414,15,5,105,123,
415,102,
416,59,17,80,97,125,
417,7,78,
418,123,123,
419,5,105,
420,59,191,
421,160,125,152,41,
422,182,16,
423,123,
424,5,105,
425,182,
426,
427,105,97,
428,3,89,
429,
430,
431,27,105,123,72,
432,9,90,9,72,
433,110,88,
434,183,
435,15,123,
436,
437,
438,123,138,
439,142,190,
440,
441,
442,5,43,
443,110,135,99,
444,
445,187,105,99,123,
446,
447,
448,157,147,152,15,
449,26,29,123,
450,1,59,85,
451,89,105,153,12,
452,126,
453,
454,142,15,5,
455,189,143,178,153,
456,123,5,59,19,125,97,5,
457,177,
458,
459,
460,110,4,125,110,
461,
462,121,43,158,
463,74,45,
464,
465,105,152,9,90,
466,170,64,125,
467,
468,
469,108,17,142,157,64,
470,110,
471,5,
472,146,62,172,82,152,15,
473,105,15,
474,93,105,110,
475,143,178,153,59,60,97,
476,167,152,53,125,
477,
478,136,
479,
480,105,125,
481,17,152,102,
482,108,125,110,137,
483,1,
484,123,123,
485,123,
486,182,9,
487,158,134,105,89,
488,
489,108,182,59,20,
490,5,62,
491,181,
492,
493,
494,
495,182,
496,5,105,123,180,142,
497,
498,174,123,158,
499,89,
500,
501,4,
502,16,123,72,
503,42,68,
504,9,
505,
506,182,84,182,
507,
508,123,
509,
510,142,9,152,182,4,123,125,123,
511,5,
512,
513,5,82,
514,167,187,90,
515,
516,89,16,123,
517,110,137,
518,123,110,123,
519,
520,
521,87,93,134,
522,
523,
524,125,150,
525,
526,89,188,
527,137,
528,
529,
530,123,110,54,
531,87,5,46,
532,
533,
534,108,64,123,123,
535,
536,
537,
538,
539,142,87,182,
540,93,38,
541,
542,3,123,50,
543,1,
544,8,
545,
546,
547,24,
548,4,
549,3,89,62,
550,89,105,180,
551,
552,3,89,88,
553,
554,5,
555,
556,
557,5,105,188,87,94,
558,5,
559,19,
560,11,
561,102,
562,152,
563,97,
564,102,
565,
566,110,99,58,
567,15,152,123,125,
568,152,123,30,19,125,97,
569,7,15,5,
570,111,155,
571,
572,5,90,
573,102,
574,
575,5,
576,
577,
578,6,58,86,
579,
580,
581,125,3,89,
582,43,
583,
584,100,
585,
586,152,5,47,105,49,
587,
588,152,123,15,5,110,120,
589,59,12,123,
590,
591,9,79,
592,87,123,46,17,11,123,
593,
594,137,
595,
596,5,
597,158,15,64,
598,32,42,
599,123,
600,4,
601,
602,125,123,
603,123,
604,102,147,64,120,123,110,54,
605,89,59,17,
606,26,
607,
608,110,49,15,64,
609,135,
610,
611,182,43,110,153,
612,
613,
614,11,123,
615,
616,32,4,110,49,
617,
618,132,102,
619,19,125,
620,59,11,
621,
622,
623,89,27,125,
624,5,90,5,72,
625,6,82,
626,164,
627,32,9,70,4,105,
628,164,90,
629,15,5,
630,9,15,42,
631,
632,168,
633,3,
634,
635,
636,125,110,123,152,183,54,
637,64,89,
638,
639,15,5,105,
640,5,123,80,123,
641,
642,9,152,182,
643,
644,152,128,11,142,32,49,85,123,
645,144,123,147,64,
646,
647,89,110,
648,187,
649,178,180,97,123,123,
650,157,175,178,80,60,97,
651,87,123,46,
652,123,166,93,3,89,
653,
654,
655,
656,
657,
658,
659,
660,
661,105,82,11,49,
662,15,42,105,
663,59,17,9,105,
664,163,123,6,
665,89,125,
666,9,
667,182,37,80,43,144,125,105,
668,182,43,89,
669,111,89,153,
670,159,123,123,
671,
672,128,142,123,139,79,
673,5,
674,
675,87,123,46,
676,
677,105,188,
678,62,70,170,17,172,
679,15,5,
680,
681,152,129,182,178,97,
682,153,152,
683,175,
684,
685,
686,182,152,181,
687,135,
688,
689,
690,
691,89,105,54,74,5,5,72,15,108,42,
692,
693,177,
694,182,5,
695,59,80,190,172,
696,158,123,181,
697,
698,70,
699,
700,89,
701,4,105,
702,
703,50,7,
704,101,125,123,
705,90,
706,5,43,105,123,188,
707,
708,125,123,
709,
710,152,32,123,
711,
712,
713,178,102,105,99,
714,9,110,
715,
716,137,132,
717,158,134,
718,125,9,90,142,
719,43,
720,9,152,144,142,89,123,102,
721,15,5,20,
722,26,131,15,
723,94,9,82,
724,
725,123,90,
726,89,180,
727,3,123,
728,
729,125,178,180,181,
730,15,
731,129,123,46,145,178,
732,25,93,41,125,54,
733,182,43,
734,
735,19,125,97,
736,9,82,
737,13,123,
738,
739,102,
740,50,
741,105,123,72,17,19,125,97,
742,5,90,10,182,
743,15,5,123,
744,47,54,
745,
746,148,110,123,166,123,
747,15,
748,64,152,158,87,
749,175,175,
750,178,180,
751,19,125,
752,
753,
754,
755,58,
756,148,123,152,182,143,
757,4,105,
758,3,89,182,123,85,
759,59,11,
760,123,46,5,72,
761,15,5,146,125,38,
762,32,
763,5,
764,
765,
766,86,105,84,80,10,125,156,
767,3,89,62,
768,170,17,144,
769,43,102,153,164,
770,123,102,17,79,89,102,42,
771,3,3,3,
772,
773,15,163,170,
774,
775,5,15,
776,185,178,99,
777,42,
778,102,
779,93,167,182,43,
780,
781,25,93,41,105,54,
782,26,90,54,64,89,
783,
784,123,125,123,
785,89,
786,123,125,123,172,
787,187,125,158,60,
788,
789,125,123,123,5,189,143,178,153,
790,87,123,46,
791,
792,
793,
794,146,5,82,
795,125,87,123,46,
796,4,
797,
798,9,
799,6,129,182,125,
800,123,59,9,152,186,172,
801,
802,152,82,4,
803,
804,
805,126,58,43,
806,
807,11,
808,1,82,
809,134,110,89,
810,102,
811,
812,152,123,54,125,125,
813,143,9,82,
814,146,110,97,
815,82,9,
816,87,17,110,123,
817,4,
818,59,9,
819,4,
820,125,
821,89,
822,87,182,
823,
824,15,27,
825,15,
826,4,
827,136,180,
828,124,111,110,67,156,180,
829,89,
830,155,
831,177,130,178,164,
832,93,
833,60,
834,
835,123,
836,17,62,105,105,9,105,102,42,
837,135,110,142,189,143,
838,5,90,
839,183,
840,143,178,99,97,
841,178,180,
842,15,36,
843,30,25,24,
844,89,
845,158,123,
846,105,158,
847,93,
848,9,
849,168,
850,89,177,178,
851,16,
852,1,
853,10,
854,9,
855,9,
856,58,
857,139,
858,89,54,
859,9,
860,
861,5,
862,181,
863,9,43,
864,171,43,
865,
866,
867,38,
868,
869,85,
870,
871,54,98,110,110,
872,58,
873,9,
874,182,43,
875,
876,182,137,188,89,
877,97,
878,
879,64,
880,5,
881,
882,182,93,163,
883,123,
884,62,48,175,
885,
886,4,
887,1,72,
888,3,123,50,
889,84,142,
890,160,125,9,105,
891,8,
892,9,90,
893,5,62,
894,32,15,
895,185,167,178,153,
896,3,54,
897,
898,9,90,105,123,72,
899,15,
900,125,
901,
902,
903,15,5,
904,121,123,
905,50,123,46,
906,4,
907,5,152,123,
908,191,
909,
910,29,111,
911,
912,9,
913,99,92,
914,183,145,125,97,
915,
916,9,
917,144,185,43,
918,15,5,125,54,
919,87,182,47,110,54,
920,54,
921,54,
922,4,47,
923,174,
924,
925,15,9,
926,
927,36,9,
928,
929,
930,9,
931,182,16,123,
932,
933,171,89,
934,62,
935,185,178,153,97,
936,125,
937,69,
938,4,47,
939,189,143,178,99,
940,
941,
942,5,
943,90,5,
944,15,5,87,
945,
946,17,105,123,188,
947,54,21,
948,24,
949,169,
950,5,
951,
952,89,90,
953,99,
954,132,
955,5,90,
956,5,
957,158,54,
958,
959,182,143,
960,15,
961,50,5,
962,178,180,
963,182,43,89,
964,3,123,
965,5,105,123,72,
966,169,158,105,
967,9,105,105,123,72,
968,87,123,
969,17,62,
970,158,43,
971,
972,90,
973,
974,
975,1,105,
976,168,110,99,
977,17,62,
978,
979,
980,50,
981,
982,5,
983,
984,3,89,
985,
986,
987,93,
988,156,
989,59,11,
990,105,
991,89,
992,110,
993,129,123,
994,125,105,137,125,89,102,
995,181,177,
996,5,90,
997,148,
998,3,
999,110,
1000,9,175,
1001,173,178,180,177,178,180,
1002,6,
1003,187,90,162,151,
1004,189,143,178,133,
1005,4,47,
1006,
1007,5,90,
1008,110,130,
1009,62,125,97,
1010,17,
1011,15,
1012,32,123,
1013,
1014,
1015,11,
1016,85,
1017,9,152,
1018,
1019,
1020,
1021,17,
1022,3,
1023,4,
1024,
1025,105,
1026,9,
1027,5,
1028,
1029,7,87,123,46,
1030,123,
1031,84,182,
1032,
1033,125,123,
1034,4,
1035,1,90,
1036,121,43,
1037,9,
1038,6,
1039,135,39,179,
1040,
1041,123,
1042,5,
1043,
1044,5,42,
1045,3,89,
1046,129,93,125,
1047,82,
1048,171,10,
1049,
1050,175,175,175,
1051,
1052,87,182,
1053,171,10,
1054,87,182,
1055,5,72,42,
1056,5,
1057,5,
1058,110,130,172,125,
1059,5,105,
1060,59,17,
1061,182,43,89,
1062,129,182,120,
1063,5,62,
1064,
1065,
1066,125,105,142,158,182,
1067,87,123,46,
1068,3,89,
1069,
1070,175,175,90,
1071,8,
1072,
1073,82,9,
1074,
1075,
1076,9,152,62,105,93,
1077,125,178,
1078,170,43,
1079,15,42,175,174,175,
1080,80,
1081,
1082,9,152,102,53,
1083,6,89,153,
1084,182,50,
1085,182,59,
1086,4,105,
1087,99,98,
1088,
1089,125,43,89,
1090,5,152,168,
1091,82,9,105,123,72,
1092,
1093,130,
1094,128,182,
1095,158,
1096,178,60,97,
1097,178,180,177,178,180,
1098,
1099,
1100,187,90,123,134,126,
1101,
1102,87,182,
1103,
1104,175,
1105,9,
1106,54,21,
1107,5,
1108,
1109,3,
1110,185,158,
1111,5,15,
1112,20,34,
1113,126,43,89,90,
1114,82,
1115,93,
1116,168,70,160,125,65,
1117,5,90,
1118,126,43,
1119,5,34,
1120,58,
1121,81,
1122,4,105,54,
1123,160,125,3,152,
1124,15,
1125,
1126,170,144,122,
1127,3,
1128,153,
1129,110,138,
1130,182,143,
1131,123,4,105,
1132,4,
1133,
1134,
1135,89,9,105,123,
1136,110,
1137,
1138,5,170,178,99,
1139,9,
1140,181,
1141,
1142,105,99,
1143,
1144,
1145,155,
1146,178,180,
1147,5,
1148,9,
1149,3,
1150,
1151,
1152,25,93,170,
1153,59,168,158,
1154,182,9,90,
1155,9,82,
1156,58,
1157,182,92,
1158,182,43,
1159,17,
1160,181,
1161,158,156,
1162,187,
1163,
1164,142,
1165,
1166,4,105,
1167,15,5,105,
1168,15,5,
1169,121,137,188,158,168,
1170,
1171,6,
1172,59,59,11,89,
1173,121,43,
1174,
1175,17,125,42,152,125,
1176,
1177,
1178,34,
1179,108,5,
1180,4,47,
1181,6,142,
1182,3,152,
1183,
1184,
1185,121,43,187,
1186,
1187,
1188,152,5,
1189,8,
1190,178,135,99,
1191,
1192,59,12,90,
1193,17,
1194,
1195,105,130,
1196,15,
1197,9,105,62,
1198,5,152,
1199,189,143,178,180,
1200,89,
1201,182,12,
1202,5,
1203,5,90,
1204,5,
1205,
1206,93,41,
1207,5,105,
1208,93,41,
1209,5,90,
1210,
1211,93,134,
1212,172,
1213,123,
1214,3,123,
1215,182,123,
1216,15,5,19,125,97,
1217,1,
1218,97,153,
1219,180,177,
1220,
1221,105,54,
1222,182,9,90,
1223,121,145,
1224,5,19,125,
1225,
1226,
1227,5,72,9,
1228,9,
1229,3,89,4,105,
1230,
1231,42,90,
1232,175,
1233,
1234,27,
1235,169,90,
1236,29,158,89,
1237,182,43,
1238,89,9,62,
1239,
1240,123,72,
1241,5,
1242,6,105,123,146,
1243,64,89,90,
1244,
1245,3,89,
1246,172,88,110,
1247,9,43,9,
1248,123,
1249,136,153,
1250,80,
1251,105,65,
1252,158,
1253,123,139,79,111,99,
1254,93,125,49,
1255,6,58,
1256,9,
1257,4,105,
1258,168,
1259,87,182,64,134,105,89,72,
1260,5,105,123,72,
1261,177,42,
1262,64,
1263,59,9,105,123,72,
1264,
1265,80,89,180,152,123,
1266,5,
1267,
1268,
1269,
1270,155,102,123,
1271,
1272,5,19,125,97,
1273,15,42,182,123,
1274,4,105,
1275,
1276,5,72,
1277,
1278,182,
1279,5,
1280,87,182,
1281,25,123,175,174,
1282,172,125,123,
1283,5,
1284,173,
1285,15,5,
1286,125,
1287,178,102,153,
1288,5,
1289,5,93,93,
1290,34,
1291,110,
1292,9,90,175,
1293,
1294,
1295,25,93,41,
1296,108,5,
1297,174,
1298,
1299,183,
1300,123,6,
1301,175,90,
1302,
1303,4,105,
1304,169,90,
1305,129,123,46,
1306,125,
1307,110,90,
1308,105,
1309,
1310,121,43,156,
1311,89,187,
1312,58,
1313,5,
1314,59,17,
1315,17,
1316,30,
1317,81,164,
1318,178,153,
1319,9,
1320,42,
1321,125,123,
1322,39,125,70,5,
1323,5,105,99,
1324,182,43,152,87,182,
1325,
1326,
1327,90,58,
1328,158,105,80,
1329,125,123,138,
1330,
1331,139,
1332,4,
1333,110,
1334,177,178,180,
1335,
1336,182,
1337,110,123,
1338,42,
1339,158,
1340,5,1,125,
1341,54,
1342,185,178,130,
1343,89,
1344,54,21,
1345,
1346,182,64,86,125,
1347,87,182,182,43,
1348,9,152,
1349,
1350,32,42,110,
1351,89,179,
1352,
1353,
1354,99,
1355,4,105,
1356,9,
1357,152,
1358,185,178,99,
1359,5,
1360,5,131,139,
1361,17,152,139,
1362,121,137,156,
1363,5,43,
1364,41,79,124,
1365,
1366,
1367,15,5,
1368,28,28,
1369,
1370,
1371,181,
1372,
1373,4,105,
1374,158,167,
1375,155,123,
1376,59,11,82,
1377,5,62,
1378,
1379,144,89,64,123,
1380,168,
1381,
1382,
1383,182,43,89,
1384,90,
1385,27,58,
1386,
1387,126,43,
1388,
1389,
1390,
1391,
1392,9,
1393,121,43,175,
1394,121,43,175,
1395,121,43,175,
1396,121,43,175,
1397,25,93,
1398,
1399,64,
1400,99,97,
1401,139,
1402,5,
1403,15,
1404,
1405,3,
1406,
1407,9,105,123,99,178,142,168,
1408,84,
1409,123,158,
1410,17,50,19,125,97,
1411,5,131,164,
1412,143,178,180,
1413,34,
1414,178,153,
1415,3,
1416,32,
1417,178,153,
1418,
1419,87,89,
1420,
1421,
1422,15,5,
1423,
1424,43,125,137,
1425,158,110,180,
1426,89,
1427,191,
1428,182,175,
1429,178,99,
1430,
1431,
1432,58,
1433,54,
1434,1,
1435,9,168,
1436,180,
1437,
1438,
1439,152,9,43,
1440,
1441,4,105,
1442,146,164,135,
1443,
1444,33,
1445,
1446,3,89,
1447,9,90,
1448,
1449,5,
1450,
1451,
1452,
1453,
1454,108,175,
1455,59,9,
1456,105,153,
1457,5,
1458,9,72,105,
1459,5,
1460,182,25,93,
1461,9,105,
1462,59,191,
1463,99,98,5,
1464,
1465,123,
1466,105,99,
1467,9,43,
1468,
1469,168,182,43,
1470,
1471,5,
1472,87,182,15,
1473,168,
1474,105,123,
1475,
1476,185,167,110,180,86,80,
1477,99,
1478,
1479,
1480,5,125,49,
1481,
1482,9,
1483,5,152,125,168,174,
1484,121,43,89,
1485,182,43,89,
1486,80,105,
1487,102,110,180,121,9,105,
1488,
1489,123,9,123,175,
1490,187,
1491,
1492,59,
1493,142,15,
1494,5,90,
1495,189,143,178,180,
1496,
1497,
1498,4,105,54,
1499,
1500,
1501,
1502,5,
1503,158,
1504,
1505,62,
1506,185,110,99,
1507,99,98,
1508,170,126,158,
1509,89,182,78,
1510,
1511,182,37,
1512,178,88,
1513,
1514,
1515,
1516,105,123,188,
1517,1,90,5,72,
1518,
1519,
1520,27,
1521,
1522,125,110,99,
1523,176,6,
1524,182,120,
1525,17,9,82,
1526,
1527,5,
1528,121,43,
1529,9,15,
1530,94,
1531,158,
1532,121,43,89,90,
1533,8,99,
1534,59,12,
1535,158,
1536,
1537,15,42,9,
1538,121,137,188,
1539,172,172,
1540,64,125,
1541,123,
1542,
1543,
1544,158,
1545,5,
1546,15,5,
1547,110,54,
1548,9,152,158,
1549,189,143,178,153,
1550,177,178,102,153,60,
1551,187,
1552,89,54,21,
1553,89,102,87,94,105,
1554,1,
1555,178,99,
1556,5,152,59,125,
1557,9,
1558,
1559,9,
1560,5,
1561,
1562,5,
1563,123,
1564,182,172,175,125,
1565,9,90,142,9,
1566,110,99,
1567,123,
1568,
1569,182,
1570,168,90,
1571,
1572,136,180,
1573,168,
1574,20,152,81,
1575,
1576,5,
1577,160,5,
1578,182,9,
1579,152,
1580,127,
1581,
1582,123,
1583,5,
1584,5,10,
1585,97,
1586,
1587,15,5,
1588,169,
1589,
1590,6,58,
1591,
1592,
1593,72,
1594,5,5,143,
1595,9,152,
1596,5,90,
1597,123,
1598,191,
1599,5,145,
1600,9,5,
1601,123,
1602,5,105,123,188,
1603,72,
1604,12,129,182,3,89,
1605,
1606,123,
1607,89,
1608,
1609,
1610,5,144,84,102,
1611,93,125,
1612,5,62,125,
1613,122,
1614,15,5,
