0,91,146,3,66,5,29,42,154,
1,5,68,5,84,57,98,57,126,10,
2,3,82,25,87,30,124,126,10,
3,15,132,126,146,
4,20,4,10,68,
5,126,
6,54,79,116,56,138,61,82,146,91,61,116,124,83,126,45,114,102,
7,15,9,19,116,61,146,99,61,
8,41,79,57,146,116,57,143,126,32,138,57,126,75,57,116,100,83,138,102,
9,75,154,124,124,
10,5,84,63,18,81,30,5,
11,81,151,157,93,57,116,22,58,61,83,90,18,83,61,84,18,28,110,
12,100,136,116,56,56,9,116,75,
13,108,72,13,74,15,93,140,108,
14,136,115,91,56,83,98,91,68,16,
15,15,56,41,22,58,61,116,97,
16,41,100,136,122,72,63,140,72,81,41,132,59,63,116,72,41,96,
17,62,116,
18,157,93,3,124,41,116,
19,87,11,79,148,56,41,
20,116,124,17,79,38,124,160,61,99,17,9,68,124,81,91,124,20,84,3,
21,25,87,3,106,9,66,126,10,
22,6,55,81,61,22,58,3,126,10,
23,81,13,9,115,93,43,147,143,5,3,97,
24,95,102,116,146,40,61,82,116,104,3,56,29,84,
25,116,99,99,99,61,68,87,
26,5,84,22,30,93,41,
27,118,3,77,83,3,
28,91,100,99,20,5,124,5,97,
29,160,146,93,81,126,61,
30,118,15,5,52,57,15,
31,141,146,123,19,82,116,91,79,93,75,141,76,84,140,123,146,156,72,123,146,139,53,17,68,93,116,124,157,143,159,17,48,9,
32,25,87,75,62,19,
33,9,113,75,118,136,93,56,114,56,83,146,16,3,3,3,10,
34,55,122,147,114,87,116,116,140,6,93,
35,25,61,81,
36,81,53,91,5,93,19,
37,100,16,135,116,82,116,146,
38,118,99,61,19,91,3,32,68,34,61,47,91,16,
39,56,46,5,75,91,124,46,91,61,115,100,82,
40,46,4,15,5,68,83,
41,74,116,41,116,36,4,74,
42,74,87,47,96,146,140,27,140,160,55,55,
43,118,15,59,135,147,61,155,136,126,17,61,54,135,78,136,38,96,135,155,
44,34,72,136,54,79,115,143,54,41,132,54,100,15,61,72,138,82,87,
45,61,119,91,131,146,
46,141,123,
47,101,159,56,12,82,5,45,147,116,82,41,61,75,79,82,116,91,32,
48,122,152,42,137,5,91,83,147,92,126,158,56,57,91,122,147,16,100,87,
49,59,32,80,129,83,38,102,
50,116,42,99,61,116,42,61,71,34,61,116,146,135,79,75,87,61,
51,123,151,
52,100,101,123,119,139,156,79,146,139,
53,4,46,80,5,82,41,116,32,
54,109,141,131,137,101,79,139,129,146,134,71,137,126,131,82,116,137,140,100,137,77,93,132,137,9,142,
55,158,112,124,154,99,136,15,41,32,36,
56,32,83,55,136,65,38,140,3,115,100,58,66,87,91,147,146,66,56,116,140,91,41,75,75,79,116,93,133,116,96,74,46,147,32,140,100,101,68,41,10,
57,74,158,156,19,56,17,116,146,56,56,147,45,56,146,91,
58,115,145,99,5,56,108,
59,100,136,80,115,56,30,61,57,75,5,59,155,119,93,151,74,99,
60,151,122,119,93,101,150,150,150,129,38,96,137,116,117,136,116,147,151,79,116,137,96,42,136,110,117,137,137,148,41,125,42,139,64,137,100,42,
61,50,79,116,82,116,91,50,5,50,41,130,92,50,92,50,17,92,116,50,92,91,136,61,87,15,79,96,38,140,50,79,116,50,50,114,50,91,155,129,53,140,50,129,116,137,137,129,116,140,92,50,92,50,157,151,92,50,151,92,50,116,151,92,75,129,129,50,56,92,91,62,140,140,50,92,119,93,66,151,50,147,96,116,148,140,92,96,155,56,93,92,148,146,93,91,57,140,92,102,92,50,46,50,91,154,91,79,50,91,146,140,82,50,79,135,91,43,75,50,79,147,50,96,50,6,116,136,155,59,151,50,50,79,50,79,91,91,50,130,6,91,91,130,140,50,84,122,79,50,91,146,82,50,79,135,91,43,75,66,50,79,147,50,96,50,6,116,136,155,59,151,50,50,79,50,79,91,91,50,130,6,91,91,130,50,84,122,
62,3,59,4,3,82,116,71,91,83,143,158,82,91,
63,11,62,84,156,108,145,15,121,151,84,151,84,
64,116,93,116,
65,56,30,93,81,56,19,92,84,37,
66,20,97,61,108,116,20,79,83,97,151,45,
67,122,141,57,91,136,5,
68,118,109,148,115,131,129,160,56,107,
69,56,9,13,152,10,
70,135,8,7,5,22,58,
71,15,74,9,
72,87,153,131,16,
73,5,5,96,3,
74,3,146,47,57,5,52,57,5,66,
75,19,97,5,
76,4,82,116,15,41,57,19,91,5,
77,61,130,125,75,136,55,91,100,93,116,5,61,
78,15,5,98,40,146,4,
79,161,141,92,122,100,136,151,129,126,42,139,42,143,11,
80,8,22,58,81,61,
81,87,40,151,
82,41,115,56,107,68,
83,5,20,56,
84,56,56,30,71,41,5,
85,116,20,114,7,56,19,97,
86,100,56,48,146,132,126,126,20,116,82,3,
87,116,25,140,61,82,56,58,79,116,136,124,
88,116,25,104,116,48,62,114,62,56,124,
89,54,
90,1,84,18,2,87,15,99,41,
91,3,56,41,116,91,10,4,97,46,41,56,73,10,
92,61,135,160,91,
93,99,81,74,42,118,82,45,138,124,54,22,56,140,1,68,
94,5,5,68,45,161,93,92,81,19,87,
95,116,116,54,
96,15,5,82,116,
97,143,25,61,4,100,154,74,112,102,82,102,10,
98,118,4,3,3,15,11,22,30,147,
99,156,118,92,104,77,148,61,82,116,58,33,
100,124,83,40,56,99,61,84,
101,54,66,38,54,154,116,83,56,154,66,38,4,116,38,134,96,22,96,64,64,82,5,45,
102,4,140,75,92,46,36,66,
103,113,118,109,15,5,153,
104,116,
105,56,9,15,5,77,54,
106,5,30,
107,116,20,9,43,116,146,
108,82,45,62,59,140,
109,1,3,84,4,
110,3,59,138,146,19,62,103,52,
111,147,63,56,11,56,11,
112,87,79,69,126,126,126,160,146,16,68,
113,56,145,136,147,145,67,60,126,108,
114,91,78,5,125,91,
115,7,44,60,116,147,47,44,
116,27,4,102,69,82,116,41,
117,69,122,9,85,115,61,67,
118,99,147,116,60,91,69,116,99,67,59,61,67,116,91,99,5,126,91,67,10,
119,5,85,82,116,61,67,17,102,59,
120,14,60,90,18,81,96,60,2,5,69,
121,6,67,85,2,
122,59,63,56,41,59,138,75,118,63,118,67,41,
123,60,2,59,135,143,126,46,46,17,43,60,96,77,
124,61,63,138,91,69,
125,
126,3,61,61,63,
127,3,126,81,2,79,65,96,100,60,90,
128,60,13,13,140,41,25,19,59,19,62,52,103,69,43,4,97,35,62,140,3,83,
129,141,92,69,
130,21,67,85,2,
131,60,69,59,61,44,3,
132,69,18,
133,2,67,59,3,59,
134,116,126,55,118,26,5,90,136,126,79,41,126,123,75,
135,82,46,75,91,116,11,141,97,82,116,11,
136,5,85,124,75,91,40,115,46,
137,1,99,43,126,159,5,84,
138,116,79,60,61,135,83,60,
139,144,63,116,94,144,60,118,38,96,91,56,139,141,136,99,41,84,150,146,140,65,41,56,59,99,5,61,43,116,130,61,19,99,41,132,140,130,41,130,130,46,79,
140,122,120,118,146,98,74,126,
141,63,44,116,11,116,56,106,130,
142,6,59,42,146,138,59,9,59,136,43,17,
143,100,85,63,3,60,61,60,91,56,9,
144,5,101,60,91,91,61,5,124,
145,4,60,83,39,91,60,
146,160,91,136,25,
147,56,99,7,19,9,21,59,99,44,
148,32,103,36,41,17,84,
149,141,3,5,63,2,52,57,52,129,5,139,60,151,41,
150,45,68,
151,56,106,78,81,97,9,
152,56,73,19,60,79,116,63,2,75,93,
153,5,79,19,9,84,
154,3,61,143,126,61,75,113,113,141,92,113,
155,85,2,4,18,118,92,
156,5,99,118,92,126,42,139,
157,85,13,146,85,58,146,
158,7,60,90,146,67,
159,3,84,56,91,79,116,
160,56,59,
161,19,56,89,124,91,
162,4,158,92,89,59,5,116,91,59,103,
163,9,65,96,99,147,
164,35,91,61,68,56,116,41,126,116,42,139,
165,19,15,15,60,2,75,130,60,129,15,121,91,75,
166,88,34,13,84,83,13,
167,60,105,135,61,17,71,
168,68,9,82,9,126,61,15,
169,7,59,3,
170,84,156,77,9,59,136,154,15,5,122,41,68,7,56,65,116,91,
171,56,17,56,89,19,17,79,56,65,56,19,56,17,79,116,62,61,31,151,
172,56,12,9,100,70,56,11,
173,69,56,7,114,59,126,
174,5,41,91,116,61,78,129,146,146,
175,60,67,83,146,126,71,118,
176,9,84,9,68,69,60,61,60,44,69,
177,60,2,69,3,56,73,77,69,
178,85,2,67,146,59,126,102,69,62,65,91,83,35,62,103,129,126,146,116,129,136,83,35,129,52,38,
179,120,136,60,138,99,54,120,59,129,118,60,138,138,83,124,129,
180,70,21,41,16,83,
181,56,7,73,63,2,59,84,126,
182,6,67,42,
183,158,92,2,147,138,59,19,17,59,95,102,
184,3,85,6,67,118,36,138,96,
185,56,11,67,68,
186,60,2,67,75,129,100,158,60,79,146,
187,3,59,63,154,118,92,76,136,79,102,
188,85,2,95,19,103,52,79,42,154,136,5,
189,5,69,19,78,3,21,69,
190,5,21,67,136,49,8,42,
191,19,61,79,146,61,136,71,54,85,79,67,136,79,35,60,62,
192,54,85,136,71,96,5,67,85,116,56,136,79,160,62,115,
193,63,13,61,116,126,
194,63,13,61,116,126,
195,91,136,35,62,52,3,
196,60,2,105,38,29,7,19,62,69,
197,25,87,4,18,60,90,
198,99,94,56,96,71,
199,154,69,5,18,60,90,
200,17,69,146,147,116,57,46,96,
201,115,61,43,79,77,
202,136,85,2,83,136,124,69,116,11,154,
203,63,2,69,99,7,9,
204,4,84,24,91,69,60,
205,6,63,154,118,160,96,78,65,100,46,78,
206,5,154,136,160,91,67,65,5,136,79,
207,3,77,118,16,116,87,126,99,140,132,133,79,149,3,9,52,91,149,140,126,116,124,19,52,61,116,149,126,126,25,
208,60,90,139,142,156,90,71,116,142,160,96,139,142,87,142,83,116,75,142,27,126,84,60,90,145,90,13,59,18,26,
209,84,25,87,132,126,87,10,
210,83,89,52,103,
211,60,90,90,4,18,116,
212,56,106,56,17,82,56,17,75,116,124,159,9,84,
213,1,6,68,3,19,91,
214,85,54,7,146,143,59,146,136,68,124,9,5,81,17,106,7,
215,154,60,7,43,3,147,138,61,
216,154,93,91,88,38,104,54,73,91,147,71,3,19,79,124,21,60,116,82,45,36,
217,13,13,13,63,129,5,118,109,148,64,136,142,146,71,79,71,152,144,91,129,56,71,76,76,116,107,139,
218,100,70,2,41,
219,99,95,146,90,79,90,
220,158,92,99,44,59,59,17,99,102,124,
221,60,82,87,5,84,154,
222,1,136,92,56,4,
223,17,136,43,41,43,60,61,63,82,124,118,
224,43,14,2,
225,59,106,81,46,60,3,
226,7,85,2,136,79,146,83,35,83,10,
227,106,19,78,32,68,
228,56,7,141,2,
229,145,56,12,84,15,36,56,41,
230,139,42,59,2,102,115,3,146,10,
231,5,116,84,136,55,91,132,126,116,
232,46,100,36,17,43,85,
233,32,36,56,19,103,56,91,
234,14,60,60,34,126,56,12,
235,84,158,92,13,55,83,35,102,91,122,105,124,143,5,84,7,
236,85,2,67,136,7,67,
237,4,75,92,126,10,84,116,65,103,
238,100,60,90,5,60,90,
239,6,55,60,41,143,
240,79,160,102,3,143,54,54,35,62,90,18,
241,59,60,61,39,90,18,
242,63,2,160,146,71,
243,37,85,63,
244,158,92,69,6,6,135,19,5,
245,5,136,79,67,
246,158,92,69,6,6,135,19,5,
247,158,92,69,6,6,135,19,5,
248,49,75,71,71,56,19,78,77,56,73,126,10,
249,60,44,61,75,58,
250,61,60,126,94,
251,7,39,64,60,90,4,59,60,
252,67,7,59,79,
253,146,59,2,
254,3,67,79,160,59,35,78,
255,67,146,100,67,73,2,
256,84,25,24,60,
257,4,154,67,5,124,135,17,79,65,78,
258,39,60,9,125,83,110,
259,132,69,126,116,63,69,2,52,147,116,69,
260,75,60,71,88,146,83,116,87,2,100,146,2,67,83,151,69,5,60,147,
261,61,69,136,19,100,
262,9,84,56,56,7,7,146,
263,60,44,54,85,69,146,
264,102,69,102,160,38,46,67,118,46,
265,75,67,63,91,136,67,125,46,36,91,124,
266,60,41,19,62,59,
267,19,62,19,62,103,52,
268,69,56,55,68,124,
269,100,31,158,46,41,100,7,106,67,91,
270,138,67,146,61,99,107,136,2,74,69,62,
271,151,67,49,59,81,75,40,
272,44,84,79,147,129,118,92,19,78,56,7,3,132,
273,7,134,5,18,158,146,14,64,
274,5,84,25,87,30,10,142,
275,100,31,61,85,60,31,56,41,10,
276,116,43,79,116,147,91,110,
277,141,126,58,84,
278,6,5,82,87,46,146,19,42,
279,9,84,34,6,129,
280,87,16,83,3,97,56,19,91,83,132,126,19,60,154,61,85,84,
281,145,84,154,52,115,91,136,132,40,75,146,147,84,146,79,15,120,53,140,139,116,56,116,140,9,61,56,63,
282,17,124,112,3,
283,100,141,92,58,146,114,56,135,138,77,65,79,
284,100,101,110,136,91,124,116,91,147,116,110,147,91,
285,3,116,116,
286,108,158,92,6,136,43,75,63,65,
287,81,47,100,60,56,43,
288,99,160,99,61,72,99,154,68,9,61,41,99,140,136,79,58,136,138,136,56,91,102,126,17,126,72,140,160,10,136,124,83,110,140,75,116,96,99,
289,40,67,60,15,5,32,36,80,46,140,126,42,18,60,
290,
291,41,19,3,82,32,71,
292,124,124,
293,100,126,35,141,92,99,116,56,56,77,61,136,83,129,125,10,45,
294,3,84,82,116,82,116,
295,116,147,56,17,19,25,87,75,126,126,17,81,
296,158,92,85,126,154,155,122,158,83,124,158,92,158,46,41,146,99,7,43,
297,59,4,60,116,124,
298,
299,122,82,116,46,82,116,100,108,143,46,79,
300,
301,2,5,84,60,28,
302,63,55,81,75,136,146,118,124,89,
303,69,6,69,41,35,146,143,65,129,101,118,92,2,69,67,146,118,139,140,126,26,69,35,138,
304,81,69,61,126,16,87,49,146,9,156,92,41,59,115,140,54,79,130,146,118,77,42,
305,85,
306,136,116,116,34,
307,2,
308,146,139,6,19,62,83,35,63,154,38,
309,75,69,63,91,7,19,27,3,124,
310,136,81,69,118,118,67,41,60,157,69,136,87,61,151,84,25,116,99,115,108,35,62,60,115,91,67,118,56,40,116,96,84,91,118,
311,85,13,69,154,14,35,62,60,
312,30,5,68,69,143,60,90,5,
313,67,67,46,67,
314,3,26,75,155,
315,155,87,140,140,9,
316,67,146,49,81,129,116,94,96,67,71,160,140,160,67,96,79,67,16,
317,2,67,83,102,
318,100,9,109,148,154,146,64,89,
319,104,48,20,81,112,101,93,21,91,3,
320,116,48,97,101,91,104,20,126,19,
321,15,19,82,116,66,140,126,42,84,
322,129,100,
323,79,15,22,58,26,79,38,146,17,91,57,17,80,38,96,
324,116,16,68,19,97,
325,3,132,
326,116,124,104,48,75,126,61,76,
327,99,61,116,19,79,6,3,56,7,
328,72,3,63,3,99,16,110,
329,51,3,91,56,9,84,
330,41,19,61,53,130,
331,100,56,57,82,9,45,
332,54,66,82,5,45,79,56,64,66,61,56,59,34,116,124,121,136,140,99,61,
333,91,93,15,5,
334,100,3,19,19,82,116,139,3,10,
335,124,43,35,118,42,
336,3,55,
337,77,30,
338,34,15,36,32,84,
339,20,56,51,
340,13,61,7,15,9,20,22,9,
341,99,3,104,22,58,65,68,30,56,12,41,10,84,
342,115,116,11,116,146,108,
343,100,156,86,9,
344,51,138,53,52,57,5,
345,5,116,91,126,116,129,75,116,126,146,58,5,126,
346,75,55,41,61,102,114,136,51,25,102,61,9,26,154,41,135,91,138,140,56,48,45,93,83,93,151,140,61,162,160,16,91,81,30,161,11,6,147,160,140,161,141,140,100,9,140,157,93,
347,20,5,59,106,116,124,9,84,
348,160,56,12,99,10,
349,5,68,9,19,136,10,84,
350,66,
351,48,20,57,7,22,58,10,84,
352,92,161,42,92,68,126,118,119,115,96,62,140,76,61,138,61,92,77,140,123,71,61,82,45,68,75,136,41,116,126,
353,115,91,55,
354,146,151,68,122,92,143,126,58,140,5,147,3,81,58,151,138,99,61,116,146,140,99,3,84,
355,136,5,122,126,122,116,56,9,124,15,5,3,
356,30,118,3,
357,161,38,52,74,48,82,116,20,52,57,
