0,64,17,99,82,43,140,116,104,126,122,116,122,116,96,140,159,11,140,141,86,
1,3,67,124,61,61,49,83,58,
2,60,69,7,
3,9,68,77,138,91,147,116,61,19,82,45,
4,9,9,68,
5,56,91,71,122,132,126,71,87,75,116,116,129,
6,5,59,53,22,87,
7,22,9,66,62,89,
8,33,126,56,9,81,56,116,81,36,75,81,126,99,61,159,9,
9,42,136,75,91,67,115,84,140,79,69,116,116,69,147,69,140,100,60,118,116,61,136,69,146,99,81,69,103,103,115,136,35,124,52,19,147,69,129,140,157,113,100,69,41,130,69,61,110,100,100,69,69,99,146,68,107,5,84,116,
10,13,7,69,
11,116,148,160,113,116,91,
12,55,59,
13,4,60,90,18,85,59,21,59,19,59,10,
14,8,81,85,63,118,
15,4,60,90,18,85,59,21,59,19,59,10,
16,41,64,60,126,116,99,160,49,67,61,126,17,116,124,69,116,41,124,60,118,126,
17,72,92,15,77,44,
18,3,69,3,3,136,63,138,146,126,4,5,45,
19,40,122,116,41,4,33,147,151,92,161,82,116,56,82,71,154,12,157,147,
20,100,3,83,92,10,
21,22,58,62,116,75,118,92,
22,56,12,116,19,62,96,124,116,104,75,
23,56,136,84,116,87,56,121,84,79,116,
24,157,122,76,82,116,100,71,126,116,67,116,147,38,42,69,
25,3,29,124,126,67,145,77,6,
26,56,11,69,114,63,2,126,116,71,158,124,60,151,126,99,84,115,146,136,126,136,69,41,
27,15,139,56,15,5,100,
28,63,75,143,63,146,3,43,56,11,154,118,115,49,75,146,136,116,126,126,62,
29,81,126,116,113,42,116,11,46,67,
30,5,57,4,15,5,81,5,
31,99,9,56,3,22,58,115,71,116,84,136,100,118,136,123,126,91,79,75,61,161,9,153,
32,93,110,61,65,116,107,
33,109,83,110,81,
34,116,147,6,55,81,87,138,147,82,79,83,138,75,156,136,126,146,136,99,135,91,59,140,61,57,89,17,79,15,91,22,35,55,76,116,75,156,140,132,120,6,55,96,140,122,42,
35,9,68,74,116,74,146,46,56,40,93,12,66,91,91,92,124,96,77,19,19,91,
36,100,6,8,93,123,115,116,20,63,160,132,126,62,62,4,59,4,15,61,76,
37,75,69,63,71,67,
38,56,11,89,7,60,
39,5,81,160,129,150,87,123,146,135,145,74,
40,154,99,138,9,92,146,126,108,
41,62,128,83,121,159,
42,158,92,60,3,55,146,
43,116,83,22,58,116,96,5,42,
44,84,42,116,5,91,57,19,
45,100,63,90,18,157,118,118,2,160,99,69,2,124,136,78,
46,83,41,126,10,96,
47,3,67,126,136,154,146,
48,63,2,69,136,61,138,61,
49,104,41,4,91,97,114,109,148,75,154,118,91,155,84,
50,91,41,83,151,41,140,66,91,140,116,99,82,140,82,45,37,
51,97,122,9,114,66,126,92,153,93,15,154,140,161,140,161,35,146,19,140,161,116,30,116,79,35,140,159,161,5,42,104,21,79,71,97,
52,137,136,75,66,62,126,46,17,152,118,109,148,131,125,131,125,96,74,57,136,143,88,126,116,10,137,96,
53,150,129,126,84,123,84,126,116,110,76,
54,62,84,69,
55,85,146,67,118,92,88,67,147,69,126,126,118,92,100,67,116,96,26,85,
56,91,116,124,20,147,126,40,61,129,96,116,20,129,104,125,10,126,10,
57,56,20,22,58,65,3,
58,75,67,85,71,85,69,118,61,114,61,69,85,41,
59,75,67,60,44,5,136,19,136,
60,59,66,82,116,71,83,99,61,
61,84,15,99,9,68,6,84,68,
62,106,20,99,22,58,19,155,
63,3,57,17,19,91,54,22,30,126,10,
64,87,3,19,140,
65,129,15,5,126,10,42,84,16,110,30,
66,68,160,61,100,91,91,
67,3,25,87,4,
68,3,60,69,67,
69,75,158,63,71,19,78,87,11,99,125,116,23,
70,5,13,60,69,5,147,24,
71,118,114,145,151,18,158,135,102,159,56,12,
72,60,126,126,146,136,7,25,61,126,4,
73,126,3,84,
74,63,2,69,56,43,
75,3,116,154,110,
76,3,4,17,41,145,126,116,92,147,116,
77,18,16,110,60,116,47,5,
