FID,NAME,TYPE,HEIGHT,SHAPE_Leng,SHAPE_Area,ORIG_FID,x,y
0,测绘科技大厦, ,0,113.2969067,560.0819809,1,534021.1034,3378680.525
1,测绘科技大厦, ,0,113.2969067,560.0819809,1,534026.5508,3378692.066
2,测绘科技大厦, ,0,113.2969067,560.0819809,1,534066.2384,3378673.333
3,测绘科技大厦, ,0,113.2969067,560.0819809,1,534060.791,3378661.792
4,测绘科技大厦, ,0,113.2969067,560.0819809,1,534021.1034,3378680.525
5,学生宿舍10舍, ,0,175.6923899,935.9278013,2,533750.741,3378849.103
6,学生宿舍10舍, ,0,175.6923899,935.9278013,2,533751.1109,3378861.504
7,学生宿舍10舍, ,0,175.6923899,935.9278013,2,533826.5173,3378859.255
8,学生宿舍10舍, ,0,175.6923899,935.9278013,2,533826.1474,3378846.854
9,学生宿舍10舍, ,0,175.6923899,935.9278013,2,533750.741,3378849.103
10,武汉大学地理信息系统教育部重点实验室, ,0,209.7239655,1530.954839,3,534008.9703,3378675.418
11,武汉大学地理信息系统教育部重点实验室, ,0,209.7239655,1530.954839,3,533933.7261,3378701.008
12,武汉大学地理信息系统教育部重点实验室, ,0,209.7239655,1530.954839,3,533936.633,3378712.883
13,武汉大学地理信息系统教育部重点实验室, ,0,209.7239655,1530.954839,3,533971.9814,3378701.347
14,武汉大学地理信息系统教育部重点实验室, ,0,209.7239655,1530.954839,3,533975.0506,3378713.729
15,武汉大学地理信息系统教育部重点实验室, ,0,209.7239655,1530.954839,3,534016.0082,3378698.913
16,武汉大学地理信息系统教育部重点实验室, ,0,209.7239655,1530.954839,3,534008.9703,3378675.418
17,君宜王朝大饭店, ,0,356.0501599,5235.916358,4,533777.6587,3378773.465
18,君宜王朝大饭店, ,0,356.0501599,5235.916358,4,533782.7387,3378787.647
19,君宜王朝大饭店, ,0,356.0501599,5235.916358,4,533917.5706,3378784.895
20,君宜王朝大饭店, ,0,356.0501599,5235.916358,4,533919.4757,3378733.249
21,君宜王朝大饭店, ,0,356.0501599,5235.916358,4,533914.819,3378725.417
22,君宜王朝大饭店, ,0,356.0501599,5235.916358,4,533777.6587,3378773.465
23,学生宿舍7、8、9舍, ,0,612.6420484,4543.175575,5,533744.513,3378828.408
24,学生宿舍7、8、9舍, ,0,612.6420484,4543.175575,5,533754.4613,3378828.408
25,学生宿舍7、8、9舍, ,0,612.6420484,4543.175575,5,533754.673,3378820.577
26,学生宿舍7、8、9舍, ,0,612.6420484,4543.175575,5,533907.4966,3378815.92
27,学生宿舍7、8、9舍, ,0,612.6420484,4543.175575,5,533906.0149,3378843.86
28,学生宿舍7、8、9舍, ,0,612.6420484,4543.175575,5,533842.9382,3378845.765
29,学生宿舍7、8、9舍, ,0,612.6420484,4543.175575,5,533842.7265,3378861.428
30,学生宿舍7、8、9舍, ,0,612.6420484,4543.175575,5,533918.08,3378859.947
31,学生宿舍7、8、9舍, ,0,612.6420484,4543.175575,5,533920.1966,3378799.198
32,学生宿舍7、8、9舍, ,0,612.6420484,4543.175575,5,533745.783,3378803.855
33,学生宿舍7、8、9舍, ,0,612.6420484,4543.175575,5,533744.513,3378828.408
34,5号楼, ,0,268.1749226,1929.961362,6,533969.9759,3378779.728
35,5号楼, ,0,268.1749226,1929.961362,6,533957.3398,3378777.167
36,5号楼, ,0,268.1749226,1929.961362,6,533939.401,3378777.326
37,5号楼, ,0,268.1749226,1929.961362,6,533938.766,3378799.551
38,5号楼, ,0,268.1749226,1929.961362,6,533952.5773,3378799.075
39,5号楼, ,0,268.1749226,1929.961362,6,533950.9898,3378836.064
40,5号楼, ,0,268.1749226,1929.961362,6,533962.8586,3378839.921
41,5号楼, ,0,268.1749226,1929.961362,6,533964.155,3378798.646
42,5号楼, ,0,268.1749226,1929.961362,6,534012.4416,3378797.852
43,5号楼, ,0,268.1749226,1929.961362,6,534012.9708,3378778.67
44,5号楼, ,0,268.1749226,1929.961362,6,533969.9759,3378779.728
45,学生活动中心, ,0,255.4296351,3407.486886,7,534223.0786,3378883.07
46,学生活动中心, ,0,255.4296351,3407.486886,7,534164.0235,3378884.128
47,学生活动中心, ,0,255.4296351,3407.486886,7,534163.4943,3378900.85
48,学生活动中心, ,0,255.4296351,3407.486886,7,534151.6409,3378900.638
49,学生活动中心, ,0,255.4296351,3407.486886,7,534151.7468,3378917.889
50,学生活动中心, ,0,255.4296351,3407.486886,7,534163.1768,3378917.572
51,学生活动中心, ,0,255.4296351,3407.486886,7,534163.071,3378934.611
52,学生活动中心, ,0,255.4296351,3407.486886,7,534170.2676,3378934.717
53,学生活动中心, ,0,255.4296351,3407.486886,7,534170.4793,3378940.749
54,学生活动中心, ,0,255.4296351,3407.486886,7,534203.8169,3378940.749
55,学生活动中心, ,0,255.4296351,3407.486886,7,534204.2402,3378933.87
56,学生活动中心, ,0,255.4296351,3407.486886,7,534222.0202,3378933.87
57,学生活动中心, ,0,255.4296351,3407.486886,7,534223.0786,3378883.07
58,信息学部体育馆, ,0,201.0982126,1695.520457,8,534165.9682,3378943.538
59,信息学部体育馆, ,0,201.0982126,1695.520457,8,534164.9098,3379012.463
60,信息学部体育馆, ,0,201.0982126,1695.520457,8,534186.8703,3379012.066
61,信息学部体育馆, ,0,201.0982126,1695.520457,8,534187.1349,3378985.607
62,信息学部体育馆, ,0,201.0982126,1695.520457,8,534197.3213,3378985.475
63,信息学部体育馆, ,0,201.0982126,1695.520457,8,534197.3213,3378969.468
64,信息学部体育馆, ,0,201.0982126,1695.520457,8,534188.7224,3378969.468
65,信息学部体育馆, ,0,201.0982126,1695.520457,8,534188.8547,3378943.406
66,信息学部体育馆, ,0,201.0982126,1695.520457,8,534165.9682,3378943.538
67,测绘遥感国家重点实验室, ,0,189.9825284,1728.164343,9,533971.3193,3378886.094
68,测绘遥感国家重点实验室, ,0,189.9825284,1728.164343,9,533970.896,3378900.487
69,测绘遥感国家重点实验室, ,0,189.9825284,1728.164343,9,533977.0343,3378900.699
70,测绘遥感国家重点实验室, ,0,189.9825284,1728.164343,9,533977.0343,3378913.399
71,测绘遥感国家重点实验室, ,0,189.9825284,1728.164343,9,533982.961,3378913.399
72,测绘遥感国家重点实验室, ,0,189.9825284,1728.164343,9,533982.326,3378944.091
73,测绘遥感国家重点实验室, ,0,189.9825284,1728.164343,9,534002.646,3378943.879
74,测绘遥感国家重点实验室, ,0,189.9825284,1728.164343,9,534003.0694,3378937.317
75,测绘遥感国家重点实验室, ,0,189.9825284,1728.164343,9,534008.3611,3378937.317
76,测绘遥感国家重点实验室, ,0,189.9825284,1728.164343,9,534009.4194,3378890.539
77,测绘遥感国家重点实验室, ,0,189.9825284,1728.164343,9,534008.7844,3378887.364
78,测绘遥感国家重点实验室, ,0,189.9825284,1728.164343,9,534004.7627,3378885.459
79,测绘遥感国家重点实验室, ,0,189.9825284,1728.164343,9,533971.3193,3378886.094
80,学生二食堂, ,0,383.2447874,6053.547421,10,533788.0474,3378894.555
81,学生二食堂, ,0,383.2447874,6053.547421,10,533788.0474,3378885.295
82,学生二食堂, ,0,383.2447874,6053.547421,10,533768.5211,3378885.612
83,学生二食堂, ,0,383.2447874,6053.547421,10,533764.3936,3378977.489
84,学生二食堂, ,0,383.2447874,6053.547421,10,533805.1924,3378976.629
85,学生二食堂, ,0,383.2447874,6053.547421,10,533805.3512,3378964.088
86,学生二食堂, ,0,383.2447874,6053.547421,10,533812.8124,3378968.374
87,学生二食堂, ,0,383.2447874,6053.547421,10,533822.6549,3378969.327
88,学生二食堂, ,0,383.2447874,6053.547421,10,533829.3225,3378967.898
89,学生二食堂, ,0,383.2447874,6053.547421,10,533838.3712,3378964.405
90,学生二食堂, ,0,383.2447874,6053.547421,10,533843.4512,3378964.405
91,学生二食堂, ,0,383.2447874,6053.547421,10,533847.2612,3378962.342
92,学生二食堂, ,0,383.2447874,6053.547421,10,533849.0075,3378955.833
93,学生二食堂, ,0,383.2447874,6053.547421,10,533849.1662,3378944.562
94,学生二食堂, ,0,383.2447874,6053.547421,10,533831.7037,3378945.197
95,学生二食堂, ,0,383.2447874,6053.547421,10,533832.4975,3378921.384
96,学生二食堂, ,0,383.2447874,6053.547421,10,533850.1187,3378920.59
97,学生二食堂, ,0,383.2447874,6053.547421,10,533850.9125,3378904.398
98,学生二食堂, ,0,383.2447874,6053.547421,10,533845.515,3378900.112
99,学生二食堂, ,0,383.2447874,6053.547421,10,533838.6887,3378896.937
100,学生二食堂, ,0,383.2447874,6053.547421,10,533826.9412,3378896.46
101,学生二食堂, ,0,383.2447874,6053.547421,10,533814.0824,3378899.794
102,学生二食堂, ,0,383.2447874,6053.547421,10,533813.9237,3378893.603
103,学生二食堂, ,0,383.2447874,6053.547421,10,533788.0474,3378894.555
104,宇航科学与技术研究院, ,0,83.53578594,428.0419536,11,533717.4855,3378913.419
105,宇航科学与技术研究院, ,0,83.53578594,428.0419536,11,533715.0513,3378936.491
106,宇航科学与技术研究院, ,0,83.53578594,428.0419536,11,533733.5722,3378936.596
107,宇航科学与技术研究院, ,0,83.53578594,428.0419536,11,533735.9005,3378913.313
108,宇航科学与技术研究院, ,0,83.53578594,428.0419536,11,533717.4855,3378913.419
109,国软C7舍, ,0,80.27622047,369.6456473,12,533714.0415,3378958.032
110,国软C7舍, ,0,80.27622047,369.6456473,12,533739.9046,3378958.231
111,国软C7舍, ,0,80.27622047,369.6456473,12,533740.566,3378944.009
112,国软C7舍, ,0,80.27622047,369.6456473,12,533714.8352,3378943.612
113,国软C7舍, ,0,80.27622047,369.6456473,12,533714.0415,3378958.032
114,富强印务, ,0,75.44361226,350.4412306,13,533723.2622,3378991.392
115,富强印务, ,0,75.44361226,350.4412306,13,533722.2039,3379008.391
116,富强印务, ,0,75.44361226,350.4412306,13,533742.9076,3379007.465
117,富强印务, ,0,75.44361226,350.4412306,13,533743.8998,3378990.466
118,富强印务, ,0,75.44361226,350.4412306,13,533723.2622,3378991.392
119, , ,0,106.9753272,531.837977,14,533723.4344,3378958.218
120, , ,0,106.9753272,531.837977,14,533721.5062,3378975.892
121, , ,0,106.9753272,531.837977,14,533710.4267,3378988.03
122, , ,0,106.9753272,531.837977,14,533710.4598,3378989.353
123, , ,0,106.9753272,531.837977,14,533717.0744,3378995.637
124, , ,0,106.9753272,531.837977,14,533737.3426,3378976.523
125, , ,0,106.9753272,531.837977,14,533739.5304,3378958.294
126, , ,0,106.9753272,531.837977,14,533723.4344,3378958.218
127,游泳池商店, ,0,79.98914652,319.8995111,15,533716.9322,3379010.386
128,游泳池商店, ,0,79.98914652,319.8995111,15,533709.9129,3379038.463
129,游泳池商店, ,0,79.98914652,319.8995111,15,533720.6364,3379041.144
130,游泳池商店, ,0,79.98914652,319.8995111,15,533727.6556,3379013.067
131,游泳池商店, ,0,79.98914652,319.8995111,15,533716.9322,3379010.386
132, , ,0,145.2427196,805.7251811,16,533704.7468,3379001.079
133, , ,0,145.2427196,805.7251811,16,533679.2409,3379055.372
134, , ,0,145.2427196,805.7251811,16,533697.0738,3379059.023
135, , ,0,145.2427196,805.7251811,16,533713.8485,3379004.043
136, , ,0,145.2427196,805.7251811,16,533704.7468,3379001.079
137,学生宿舍15、16舍, ,0,241.0234982,1334.268095,17,533737.9647,3379049.46
138,学生宿舍15、16舍, ,0,241.0234982,1334.268095,17,533701.4522,3379050.386
139,学生宿舍15、16舍, ,0,241.0234982,1334.268095,17,533699.3355,3379104.494
140,学生宿舍15、16舍, ,0,241.0234982,1334.268095,17,533735.5835,3379103.7
141,学生宿舍15、16舍, ,0,241.0234982,1334.268095,17,533736.6418,3379088.222
142,学生宿舍15、16舍, ,0,241.0234982,1334.268095,17,533706.4793,3379088.09
143,学生宿舍15、16舍, ,0,241.0234982,1334.268095,17,533707.0084,3379067.187
144,学生宿舍15、16舍, ,0,241.0234982,1334.268095,17,533737.5679,3379066.394
145,学生宿舍15、16舍, ,0,241.0234982,1334.268095,17,533737.9647,3379049.46
146,学生宿舍11舍, ,0,120.3812263,574.7024879,18,533765.5344,3378989.232
147,学生宿舍11舍, ,0,120.3812263,574.7024879,18,533765.6648,3379001.133
148,学生宿舍11舍, ,0,120.3812263,574.7024879,18,533813.9513,3379000.604
149,学生宿舍11舍, ,0,120.3812263,574.7024879,18,533813.8209,3378988.703
150,学生宿舍11舍, ,0,120.3812263,574.7024879,18,533765.5344,3378989.232
151,学生宿舍12舍, ,0,115.6243915,610.0224655,19,533764.0792,3379018.998
152,学生宿舍12舍, ,0,115.6243915,610.0224655,19,533764.2465,3379032.885
153,学生宿舍12舍, ,0,115.6243915,610.0224655,19,533808.1674,3379032.356
154,学生宿舍12舍, ,0,115.6243915,610.0224655,19,533808.0001,3379018.469
155,学生宿舍12舍, ,0,115.6243915,610.0224655,19,533764.0792,3379018.998
156,学生宿舍13舍, ,0,116.0428401,622.9457869,20,533761.8302,3379050.483
157,学生宿舍13舍, ,0,116.0428401,622.9457869,20,533762.1309,3379064.703
158,学生宿舍13舍, ,0,116.0428401,622.9457869,20,533805.9195,3379063.777
159,学生宿舍13舍, ,0,116.0428401,622.9457869,20,533805.6188,3379049.557
160,学生宿舍13舍, ,0,116.0428401,622.9457869,20,533761.8302,3379050.483
161,学生宿舍14舍, ,0,111.371489,539.3058739,21,533762.3594,3379082.419
162,学生宿舍14舍, ,0,111.371489,539.3058739,21,533762.5988,3379094.9
163,学生宿舍14舍, ,0,111.371489,539.3058739,21,533805.7934,3379094.071
164,学生宿舍14舍, ,0,111.371489,539.3058739,21,533805.554,3379081.59
165,学生宿舍14舍, ,0,111.371489,539.3058739,21,533762.3594,3379082.419
166,学生宿舍6舍, ,6,144.7687542,806.1283052,22,533853.6703,3378987.023
167,学生宿舍6舍, ,6,144.7687542,806.1283052,22,533853.844,3379000.77
168,学生宿舍6舍, ,6,144.7687542,806.1283052,22,533912.4758,3379000.029
169,学生宿舍6舍, ,6,144.7687542,806.1283052,22,533912.3021,3378986.283
170,学生宿舍6舍, ,6,144.7687542,806.1283052,22,533853.6703,3378987.023
171,学生一食堂, ,2,202.6849763,2539.726082,23,533854.8574,3379031.53
172,学生一食堂, ,2,202.6849763,2539.726082,23,533855.1075,3379076.923
173,学生一食堂, ,2,202.6849763,2539.726082,23,533911.0551,3379076.615
174,学生一食堂, ,2,202.6849763,2539.726082,23,533910.805,3379031.222
175,学生一食堂, ,2,202.6849763,2539.726082,23,533854.8574,3379031.53
176,学生宿舍2舍, ,6,145.5208,787.5455208,24,533940.6488,3378986.59
177,学生宿舍2舍, ,6,145.5208,787.5455208,24,533940.6488,3378999.819
178,学生宿舍2舍, ,6,145.5208,787.5455208,24,534000.1801,3378999.819
179,学生宿舍2舍, ,6,145.5208,787.5455208,24,534000.1801,3378986.59
180,学生宿舍2舍, ,6,145.5208,787.5455208,24,533940.6488,3378986.59
181,学生宿舍3舍, ,7,154.5041986,937.2885091,25,533937.4738,3379014.372
182,学生宿舍3舍, ,7,154.5041986,937.2885091,25,533937.5379,3379029.446
183,学生宿舍3舍, ,7,154.5041986,937.2885091,25,533999.7151,3379029.181
184,学生宿舍3舍, ,7,154.5041986,937.2885091,25,533999.651,3379014.107
185,学生宿舍3舍, ,7,154.5041986,937.2885091,25,533937.4738,3379014.372
186,学生宿舍4舍, ,7,166.886757,1169.69754,26,533935.0925,3379046.122
187,学生宿舍4舍, ,7,166.886757,1169.69754,26,533935.1644,3379063.948
188,学生宿舍4舍, ,7,166.886757,1169.69754,26,534000.7812,3379063.683
189,学生宿舍4舍, ,7,166.886757,1169.69754,26,534000.7093,3379045.857
190,学生宿舍4舍, ,7,166.886757,1169.69754,26,533935.0925,3379046.122
191, , ,7,165.1707487,1128.870078,27,533933.4344,3379083.022
192, , ,7,165.1707487,1128.870078,27,533933.4898,3379100.31
193, , ,7,165.1707487,1128.870078,27,533998.7867,3379100.101
194, , ,7,165.1707487,1128.870078,27,533998.7312,3379082.813
195, , ,7,165.1707487,1128.870078,27,533933.4344,3379083.022
196, , ,6,148.2728,873.0169488,28,533937.5752,3379116.974
197, , ,6,148.2728,873.0169488,28,533937.5752,3379131.658
198, , ,6,148.2728,873.0169488,28,533997.0272,3379131.658
199, , ,6,148.2728,873.0169488,28,533997.0272,3379116.974
200, , ,6,148.2728,873.0169488,28,533937.5752,3379116.974
201, , ,0,83.6086,282.2594579,29,534189.0048,3379088.372
202, , ,0,83.6086,282.2594579,29,534189.0048,3379096.839
203, , ,0,83.6086,282.2594579,29,534222.3424,3379096.839
204, , ,0,83.6086,282.2594579,29,534222.3424,3379088.372
205, , ,0,83.6086,282.2594579,29,534189.0048,3379088.372
206, , ,0,128.1358382,414.1718871,30,534226.7371,3379154.883
207, , ,0,128.1358382,414.1718871,30,534176.0164,3379154.169
208, , ,0,128.1358382,414.1718871,30,534175.937,3379167.186
209, , ,0,128.1358382,414.1718871,30,534186.8908,3379167.583
210, , ,0,128.1358382,414.1718871,30,534186.9702,3379160.916
211, , ,0,128.1358382,414.1718871,30,534226.7371,3379161.868
212, , ,0,128.1358382,414.1718871,30,534226.7371,3379154.883
213, , ,2,162.0738231,776.4553737,31,533941.357,3379149.071
214, , ,2,162.0738231,776.4553737,31,533940.8278,3379172.619
215, , ,2,162.0738231,776.4553737,31,533947.8393,3379172.619
216, , ,2,162.0738231,776.4553737,31,533948.2361,3379162.83
217, , ,2,162.0738231,776.4553737,31,533978.1341,3379163.094
218, , ,2,162.0738231,776.4553737,31,533978.1341,3379172.222
219, , ,2,162.0738231,776.4553737,31,533989.6435,3379172.09
220, , ,2,162.0738231,776.4553737,31,533989.6435,3379159.787
221, , ,2,162.0738231,776.4553737,31,533983.2935,3379159.787
222, , ,2,162.0738231,776.4553737,31,533983.2935,3379149.204
223, , ,2,162.0738231,776.4553737,31,533941.357,3379149.071
224, , ,1,97.10655487,282.7844574,32,533829.1798,3379116.691
225, , ,1,97.10655487,282.7844574,32,533829.0475,3379131.375
226, , ,1,97.10655487,282.7844574,32,533863.0465,3379130.978
227, , ,1,97.10655487,282.7844574,32,533863.0465,3379123.967
228, , ,1,97.10655487,282.7844574,32,533834.8683,3379124.231
229, , ,1,97.10655487,282.7844574,32,533834.8683,3379116.691
230, , ,1,97.10655487,282.7844574,32,533829.1798,3379116.691
231, , ,1,46.8316,121.8446357,33,533835.5298,3379084.014
232, , ,1,46.8316,121.8446357,33,533835.5298,3379091.82
233, , ,1,46.8316,121.8446357,33,533851.1403,3379091.82
234, , ,1,46.8316,121.8446357,33,533851.1403,3379084.014
235, , ,1,46.8316,121.8446357,33,533835.5298,3379084.014
236, , ,1,54.59906708,175.6307462,34,533832.6194,3379099.096
237, , ,1,54.59906708,175.6307462,34,533832.7716,3379109.476
238, , ,1,54.59906708,175.6307462,34,533849.6884,3379109.228
239, , ,1,54.59906708,175.6307462,34,533849.5362,3379098.848
240, , ,1,54.59906708,175.6307462,34,533832.6194,3379099.096
241, , ,1,97.78252779,514.7536099,35,533862.4347,3379087.206
242, , ,1,97.78252779,514.7536099,35,533861.5748,3379120.742
243, , ,1,97.78252779,514.7536099,35,533876.914,3379121.135
244, , ,1,97.78252779,514.7536099,35,533877.7739,3379087.599
245, , ,1,97.78252779,514.7536099,35,533862.4347,3379087.206
246, , ,0,254.4786865,3176.563317,36,534220.907,3379238.424
247, , ,0,254.4786865,3176.563317,36,534220.7747,3379217.654
248, , ,0,254.4786865,3176.563317,36,534196.6976,3379216.86
249, , ,0,254.4786865,3176.563317,36,534196.6976,3379222.945
250, , ,0,254.4786865,3176.563317,36,534182.1455,3379222.152
251, , ,0,254.4786865,3176.563317,36,534182.2778,3379297.029
252, , ,0,254.4786865,3176.563317,36,534189.5538,3379297.558
253, , ,0,254.4786865,3176.563317,36,534189.6861,3379305.893
254, , ,0,254.4786865,3176.563317,36,534209.2653,3379306.422
255, , ,0,254.4786865,3176.563317,36,534209.5299,3379297.955
256, , ,0,254.4786865,3176.563317,36,534219.981,3379298.352
257, , ,0,254.4786865,3176.563317,36,534220.907,3379238.424
258, , ,0,139.2815472,707.8636253,37,534146.8976,3379250.647
259, , ,0,139.2815472,707.8636253,37,534159.8093,3379250.859
260, , ,0,139.2815472,707.8636253,37,534160.021,3379225.036
261, , ,0,139.2815472,707.8636253,37,534116.2059,3379224.612
262, , ,0,139.2815472,707.8636253,37,534116.2059,3379236.889
263, , ,0,139.2815472,707.8636253,37,534146.8976,3379236.889
264, , ,0,139.2815472,707.8636253,37,534146.8976,3379250.647
265, , ,0,94.64037169,424.9752879,38,534124.4962,3379269.456
266, , ,0,94.64037169,424.9752879,38,534124.0081,3379281.495
267, , ,0,94.64037169,424.9752879,38,534159.2507,3379282.923
268, , ,0,94.64037169,424.9752879,38,534159.7387,3379270.885
269, , ,0,94.64037169,424.9752879,38,534124.4962,3379269.456
270, , ,0,95.91483021,421.6982219,39,534123.2262,3379297.396
271, , ,0,95.91483021,421.6982219,39,534123.0236,3379308.992
272, , ,0,95.91483021,421.6982219,39,534159.3774,3379309.627
273, , ,0,95.91483021,421.6982219,39,534159.58,3379298.031
274, , ,0,95.91483021,421.6982219,39,534123.2262,3379297.396
275, , ,0,91.42812836,269.9604859,40,534076.0773,3379320.097
276, , ,0,91.42812836,269.9604859,40,534075.9061,3379327.062
277, , ,0,91.42812836,269.9604859,40,534114.6411,3379328.015
278, , ,0,91.42812836,269.9604859,40,534114.8124,3379321.05
279, , ,0,91.42812836,269.9604859,40,534076.0773,3379320.097
280, , ,0,58.73881518,181.9548202,41,534080.5223,3379268.186
281, , ,0,58.73881518,181.9548202,41,534080.2471,3379277.062
282, , ,0,58.73881518,181.9548202,41,534100.7259,3379277.697
283, , ,0,58.73881518,181.9548202,41,534101.0011,3379268.821
284, , ,0,58.73881518,181.9548202,41,534080.5223,3379268.186
285, , ,0,41.9098,109.5501444,42,534050.0423,3379271.043
286, , ,0,41.9098,109.5501444,42,534050.0423,3379281.997
287, , ,0,41.9098,109.5501444,42,534060.0435,3379281.997
288, , ,0,41.9098,109.5501444,42,534060.0435,3379271.043
289, , ,0,41.9098,109.5501444,42,534050.0423,3379271.043
290, , ,0,144.7601181,664.0407551,43,534045.121,3379238.499
291, , ,0,144.7601181,664.0407551,43,534044.9821,3379249.278
292, , ,0,144.7601181,664.0407551,43,534106.5772,3379250.072
293, , ,0,144.7601181,664.0407551,43,534106.7161,3379239.293
294, , ,0,144.7601181,664.0407551,43,534045.121,3379238.499
295, , ,0,91.27665675,426.2048258,44,534045.0086,3379214.819
296, , ,0,91.27665675,426.2048258,44,534045.1409,3379227.916
297, , ,0,91.27665675,426.2048258,44,534077.68,3379227.587
298, , ,0,91.27665675,426.2048258,44,534077.5477,3379214.491
299, , ,0,91.27665675,426.2048258,44,534045.0086,3379214.819
300, , ,0,74.88154402,320.3069931,45,534084.9607,3379214.952
301, , ,0,74.88154402,320.3069931,45,534084.8284,3379228.181
302, , ,0,74.88154402,320.3069931,45,534109.0381,3379228.423
303, , ,0,74.88154402,320.3069931,45,534109.1704,3379215.194
304, , ,0,74.88154402,320.3069931,45,534084.9607,3379214.952
305, , ,4,198.323753,1360.40994,46,533983.3605,3379222.624
306, , ,4,198.323753,1360.40994,46,533982.9637,3379248.289
307, , ,4,198.323753,1360.40994,46,533998.5741,3379248.421
308, , ,4,198.323753,1360.40994,46,533998.8387,3379236.647
309, , ,4,198.323753,1360.40994,46,534015.1106,3379236.515
310, , ,4,198.323753,1360.40994,46,534014.846,3379256.094
311, , ,4,198.323753,1360.40994,46,534036.8065,3379256.491
312, , ,4,198.323753,1360.40994,46,534037.3356,3379223.021
313, , ,4,198.323753,1360.40994,46,533983.3605,3379222.624
314, , ,3,128.9003539,599.0431398,47,533910.364,3379218.843
315, , ,3,128.9003539,599.0431398,47,533910.196,3379230.105
316, , ,3,128.9003539,599.0431398,47,533963.3773,3379230.899
317, , ,3,128.9003539,599.0431398,47,533963.5454,3379219.637
318, , ,3,128.9003539,599.0431398,47,533910.364,3379218.843
319, , ,3,53.9752,159.4012322,48,533882.424,3379229.003
320, , ,3,53.9752,159.4012322,48,533900.6803,3379229.003
321, , ,3,53.9752,159.4012322,48,533900.6803,3379220.272
322, , ,3,53.9752,159.4012322,48,533882.424,3379220.272
323, , ,3,53.9752,159.4012322,48,533882.424,3379229.003
324, , ,2,50.38287546,149.2708103,49,533858.876,3379214.292
325, , ,2,50.38287546,149.2708103,49,533855.2139,3379223.094
326, , ,2,50.38287546,149.2708103,49,533869.671,3379229.109
327, , ,2,50.38287546,149.2708103,49,533873.3331,3379220.308
328, , ,2,50.38287546,149.2708103,49,533858.876,3379214.292
329, , ,2,61.11666572,230.2511104,50,533835.9631,3379219.266
330, , ,2,61.11666572,230.2511104,50,533847.6477,3379226.008
331, , ,2,61.11666572,230.2511104,50,533856.1773,3379211.223
332, , ,2,61.11666572,230.2511104,50,533844.4926,3379204.482
333, , ,2,61.11666572,230.2511104,50,533835.9631,3379219.266
334, , ,2,53.87166481,179.9832614,51,533833.9621,3379203.109
335, , ,2,53.87166481,179.9832614,51,533822.5158,3379198.65
336, , ,2,53.87166481,179.9832614,51,533817.1977,3379212.302
337, , ,2,53.87166481,179.9832614,51,533828.644,3379216.761
338, , ,2,53.87166481,179.9832614,51,533833.9621,3379203.109
339, , ,2,57.35157803,204.7712777,52,533794.1423,3379197.261
340, , ,2,57.35157803,204.7712777,52,533794.2622,3379212.495
341, , ,2,57.35157803,204.7712777,52,533807.7031,3379212.39
342, , ,2,57.35157803,204.7712777,52,533807.5831,3379197.156
343, , ,2,57.35157803,204.7712777,52,533794.1423,3379197.261
344, , ,2,169.7750888,1712.679106,53,533986.1574,3379268.492
345, , ,2,169.7750888,1712.679106,53,533985.9457,3379301.512
346, , ,2,169.7750888,1712.679106,53,534037.8115,3379301.844
347, , ,2,169.7750888,1712.679106,53,534038.0232,3379268.824
348, , ,2,169.7750888,1712.679106,53,533986.1574,3379268.492
349, , ,0,116.0740887,675.538504,54,533983.8291,3379339.824
350, , ,0,116.0740887,675.538504,54,533983.4223,3379355.932
351, , ,0,116.0740887,675.538504,54,534025.3324,3379356.99
352, , ,0,116.0740887,675.538504,54,534025.7391,3379340.882
353, , ,0,116.0740887,675.538504,54,533983.8291,3379339.824
354, , ,0,96.95616517,364.8755704,55,534033.1475,3379335.802
355, , ,0,96.95616517,364.8755704,55,534033.0468,3379345.119
356, , ,0,96.95616517,364.8755704,55,534072.2052,3379345.542
357, , ,0,96.95616517,364.8755704,55,534072.3059,3379336.225
358, , ,0,96.95616517,364.8755704,55,534033.1475,3379335.802
359, , ,0,78.22378822,366.2103819,56,534210.7362,3379314.344
360, , ,0,78.22378822,366.2103819,56,534216.3979,3379328.803
361, , ,0,78.22378822,366.2103819,56,534238.3583,3379320.204
362, , ,0,78.22378822,366.2103819,56,534232.6966,3379305.745
363, , ,0,78.22378822,366.2103819,56,534210.7362,3379314.344
364, , ,0,50.48600186,125.7053381,57,534186.4474,3379327.335
365, , ,0,50.48600186,125.7053381,57,534204.8624,3379327.653
366, , ,0,50.48600186,125.7053381,57,534204.9801,3379320.828
367, , ,0,50.48600186,125.7053381,57,534186.565,3379320.511
368, , ,0,50.48600186,125.7053381,57,534186.4474,3379327.335
369, , ,0,50.05687856,123.1562756,58,534155.9144,3379338.606
370, , ,0,50.05687856,123.1562756,58,534174.2093,3379338.933
371, , ,0,50.05687856,123.1562756,58,534174.3294,3379332.204
372, , ,0,50.05687856,123.1562756,58,534156.0346,3379331.877
373, , ,0,50.05687856,123.1562756,58,534155.9144,3379338.606
374, , ,0,50.05840825,121.7856179,59,534126.7043,3379350.089
375, , ,0,50.05840825,121.7856179,59,534145.1194,3379350.301
376, , ,0,50.05840825,121.7856179,59,534145.1954,3379343.689
377, , ,0,50.05840825,121.7856179,59,534126.7804,3379343.477
378, , ,0,50.05840825,121.7856179,59,534126.7043,3379350.089
379, , ,0,91.0337909,311.7827859,60,534074.3697,3379361.043
380, , ,0,91.0337909,311.7827859,60,534111.476,3379361.927
381, , ,0,91.0337909,311.7827859,60,534111.676,3379353.529
382, , ,0,91.0337909,311.7827859,60,534074.5696,3379352.646
383, , ,0,91.0337909,311.7827859,60,534074.3697,3379361.043
384, , ,0,90.41246774,314.742542,61,534035.714,3379367.79
385, , ,0,90.41246774,314.742542,61,534035.453,3379376.384
386, , ,0,90.41246774,314.742542,61,534072.0449,3379377.495
387, , ,0,90.41246774,314.742542,61,534072.3059,3379368.901
388, , ,0,90.41246774,314.742542,61,534035.714,3379367.79
389, , ,0,138.46485,519.6783674,62,533968.2345,3379382.956
390, , ,0,138.46485,519.6783674,62,533967.9954,3379391.519
391, , ,0,138.46485,519.6783674,62,534028.638,3379393.212
392, , ,0,138.46485,519.6783674,62,534028.8771,3379384.649
393, , ,0,138.46485,519.6783674,62,533968.2345,3379382.956
394, , ,3,141.5049831,746.9995458,63,533909.9202,3379249.009
395, , ,3,141.5049831,746.9995458,63,533909.6027,3379259.963
396, , ,3,141.5049831,746.9995458,63,533964.2128,3379261.074
397, , ,3,141.5049831,746.9995458,63,533963.2603,3379243.929
398, , ,3,141.5049831,746.9995458,63,533937.384,3379243.929
399, , ,3,141.5049831,746.9995458,63,533937.0665,3379249.644
400, , ,3,141.5049831,746.9995458,63,533909.9202,3379249.009
401, , ,7,136.3328013,794.7043717,64,533910.7775,3379282.876
402, , ,7,136.3328013,794.7043717,64,533910.5697,3379297.802
403, , ,7,136.3328013,794.7043717,64,533963.804,3379298.542
404, , ,7,136.3328013,794.7043717,64,533964.0117,3379283.617
405, , ,7,136.3328013,794.7043717,64,533910.7775,3379282.876
406, , ,0,146.1189803,891.177393,65,533905.8562,3379316.822
407, , ,0,146.1189803,891.177393,65,533905.5718,3379332.296
408, , ,0,146.1189803,891.177393,65,533963.1452,3379333.354
409, , ,0,146.1189803,891.177393,65,533963.4296,3379317.88
410, , ,0,146.1189803,891.177393,65,533905.8562,3379316.822
411, , ,0,121.0840513,657.5741531,66,533906.0679,3379351.324
412, , ,0,121.0840513,657.5741531,66,533905.9383,3379365.508
413, , ,0,121.0840513,657.5741531,66,533952.2934,3379365.932
414, , ,0,121.0840513,657.5741531,66,533952.423,3379351.747
415, , ,0,121.0840513,657.5741531,66,533906.0679,3379351.324
416, , ,0,109.8840872,393.6706879,67,533915.0717,3379402.964
417, , ,0,109.8840872,393.6706879,67,533914.898,3379411.434
418, , ,0,109.8840872,393.6706879,67,533961.3589,3379412.386
419, , ,0,109.8840872,393.6706879,67,533961.5326,3379403.917
420, , ,0,109.8840872,393.6706879,67,533915.0717,3379402.964
421, , ,0,116.1849908,522.4108033,68,533846.0285,3379358.324
422, , ,0,116.1849908,522.4108033,68,533845.8405,3379369.445
423, , ,0,116.1849908,522.4108033,68,533892.8042,3379370.239
424, , ,0,116.1849908,522.4108033,68,533892.9921,3379359.118
425, , ,0,116.1849908,522.4108033,68,533846.0285,3379358.324
426, , ,0,126.2252033,728.9246889,70,533846.9545,3379385.18
427, , ,0,126.2252033,728.9246889,70,533846.7864,3379400.399
428, , ,0,126.2252033,728.9246889,70,533894.6761,3379400.928
429, , ,0,126.2252033,728.9246889,70,533894.8442,3379385.709
430, , ,0,126.2252033,728.9246889,70,533846.9545,3379385.18
431, , ,0,110.3335075,565.7768964,71,533861.6389,3379412.035
432, , ,0,110.3335075,565.7768964,71,533861.3355,3379425.648
433, , ,0,110.3335075,565.7768964,71,533902.8751,3379426.574
434, , ,0,110.3335075,565.7768964,71,533903.1786,3379412.961
435, , ,0,110.3335075,565.7768964,71,533861.6389,3379412.035
436, , ,0,114.3276963,522.9405732,72,533804.3036,3379414.257
437, , ,0,114.3276963,522.9405732,72,533804.0919,3379425.691
438, , ,0,114.3276963,522.9405732,72,533849.812,3379426.538
439, , ,0,114.3276963,522.9405732,72,533850.0237,3379415.104
440, , ,0,114.3276963,522.9405732,72,533804.3036,3379414.257
441, , ,0,111.7707316,486.9174594,73,533804.092,3379440.081
442, , ,0,111.7707316,486.9174594,73,533804.0413,3379450.881
443, , ,0,111.7707316,486.9174594,73,533849.1263,3379451.092
444, , ,0,111.7707316,486.9174594,73,533849.177,3379440.292
445, , ,0,111.7707316,486.9174594,73,533804.092,3379440.081
446, , ,0,113.4442748,538.6200187,74,533741.4385,3379437.541
447, , ,0,113.4442748,538.6200187,74,533741.3813,3379449.6
448, , ,0,113.4442748,538.6200187,74,533786.0431,3379449.812
449, , ,0,113.4442748,538.6200187,74,533786.1003,3379437.752
450, , ,0,113.4442748,538.6200187,74,533741.4385,3379437.541
451, , ,0,131.3719143,557.4486186,75,533740.6095,3379411.848
452, , ,0,131.3719143,557.4486186,75,533740.6095,3379422.828
453, , ,0,131.3719143,557.4486186,75,533782.0168,3379422.696
454, , ,0,131.3719143,557.4486186,75,533782.0168,3379429.575
455, , ,0,131.3719143,557.4486186,75,533788.896,3379429.443
456, , ,0,131.3719143,557.4486186,75,533788.896,3379412.509
457, , ,0,131.3719143,557.4486186,75,533740.6095,3379411.848
458, , ,0,115.8876,591.5383863,76,533727.5126,3379385.654
459, , ,0,115.8876,591.5383863,76,533727.5126,3379398.883
460, , ,0,115.8876,591.5383863,76,533772.2272,3379398.883
461, , ,0,115.8876,591.5383863,76,533772.2272,3379385.654
462, , ,0,115.8876,591.5383863,76,533727.5126,3379385.654
463, , ,0,121.7086,661.0351004,77,533787.3085,3379385.39
464, , ,0,121.7086,661.0351004,77,533787.3085,3379399.545
465, , ,0,121.7086,661.0351004,77,533834.0076,3379399.545
466, , ,0,121.7086,661.0351004,77,533834.0076,3379385.39
467, , ,0,121.7086,661.0351004,77,533787.3085,3379385.39
468, , ,0,113.2461537,521.495075,78,533785.5711,3379356.513
469, , ,0,113.2461537,521.495075,78,533785.5031,3379368.09
470, , ,0,113.2461537,521.495075,78,533830.5485,3379368.354
471, , ,0,113.2461537,521.495075,78,533830.6165,3379356.777
472, , ,0,113.2461537,521.495075,78,533785.5711,3379356.513
473, , ,0,155.0991181,1049.25267,79,533716.8525,3379345.486
474, , ,0,155.0991181,1049.25267,79,533716.7833,3379362.948
475, , ,0,155.0991181,1049.25267,79,533776.8703,3379363.186
476, , ,0,155.0991181,1049.25267,79,533776.9395,3379345.724
477, , ,0,155.0991181,1049.25267,79,533716.8525,3379345.486
478, , ,0,157.9601571,904.2032324,80,533790.2741,3379324.38
479, , ,0,157.9601571,904.2032324,80,533790.2232,3379338.272
480, , ,0,157.9601571,904.2032324,80,533855.3109,3379338.51
481, , ,0,157.9601571,904.2032324,80,533855.3617,3379324.619
482, , ,0,157.9601571,904.2032324,80,533790.2741,3379324.38
483, , ,6,137.7954,872.4714192,81,533793.9934,3379288.329
484, , ,6,137.7954,872.4714192,81,533793.9934,3379305.051
485, , ,6,137.7954,872.4714192,81,533846.1694,3379305.051
486, , ,6,137.7954,872.4714192,81,533846.1694,3379288.329
487, , ,6,137.7954,872.4714192,81,533793.9934,3379288.329
488, , ,6,117.475,622.9503492,82,533856.3603,3379281.714
489, , ,6,117.475,622.9503492,82,533856.3603,3379295.605
490, , ,6,117.475,622.9503492,82,533901.2072,3379295.605
491, , ,6,117.475,622.9503492,82,533901.2072,3379281.714
492, , ,6,117.475,622.9503492,82,533856.3603,3379281.714
493, , ,3,102.6584,508.6180909,83,533892.3437,3379251.419
494, , ,3,102.6584,508.6180909,83,533868.1343,3379251.419
495, , ,3,102.6584,508.6180909,83,533868.1343,3379268.088
496, , ,3,102.6584,508.6180909,83,533902.7947,3379268.088
497, , ,3,102.6584,508.6180909,83,533902.7947,3379258.034
498, , ,3,102.6584,508.6180909,83,533892.3437,3379258.034
499, , ,3,102.6584,508.6180909,83,533892.3437,3379251.419
500, , ,3,112.2174889,523.3707973,84,533821.4273,3379229.194
501, , ,3,112.2174889,523.3707973,84,533817.051,3379240.17
502, , ,3,112.2174889,523.3707973,84,533858.1938,3379256.575
503, , ,3,112.2174889,523.3707973,84,533862.5701,3379245.599
504, , ,3,112.2174889,523.3707973,84,533821.4273,3379229.194
505, , ,2,67.21601412,273.2326188,85,533787.5605,3379218.479
506, , ,2,67.21601412,273.2326188,85,533784.701,3379231.959
507, , ,2,67.21601412,273.2326188,85,533804.097,3379236.074
508, , ,2,67.21601412,273.2326188,85,533806.9565,3379222.593
509, , ,2,67.21601412,273.2326188,85,533787.5605,3379218.479
510, , ,0,164.7180085,1439.802952,86,533739.5968,3379294.51
511, , ,0,164.7180085,1439.802952,86,533739.1999,3379339.093
512, , ,0,164.7180085,1439.802952,86,533763.9385,3379339.093
513, , ,0,164.7180085,1439.802952,86,533764.3354,3379332.743
514, , ,0,164.7180085,1439.802952,86,533777.4323,3379332.743
515, , ,0,164.7180085,1439.802952,86,533777.3,3379307.74
516, , ,0,164.7180085,1439.802952,86,533764.5999,3379307.74
517, , ,0,164.7180085,1439.802952,86,533764.5999,3379294.51
518, , ,0,164.7180085,1439.802952,86,533739.5968,3379294.51
519,中国南极测绘研究中心, ,0,204.1498088,1350.684478,87,534173.9664,3378700.444
520,中国南极测绘研究中心, ,0,204.1498088,1350.684478,87,534207.5421,3378700.126
521,中国南极测绘研究中心, ,0,204.1498088,1350.684478,87,534207.939,3378684.331
522,中国南极测绘研究中心, ,0,204.1498088,1350.684478,87,534165.4733,3378685.204
523,中国南极测绘研究中心, ,0,204.1498088,1350.684478,87,534159.8376,3378687.744
524,中国南极测绘研究中心, ,0,204.1498088,1350.684478,87,534156.4245,3378690.839
525,中国南极测绘研究中心, ,0,204.1498088,1350.684478,87,534156.1864,3378733.067
526,中国南极测绘研究中心, ,0,204.1498088,1350.684478,87,534158.2501,3378737.433
527,中国南极测绘研究中心, ,0,204.1498088,1350.684478,87,534162.2983,3378740.052
528,中国南极测绘研究中心, ,0,204.1498088,1350.684478,87,534166.3464,3378740.211
529,中国南极测绘研究中心, ,0,204.1498088,1350.684478,87,534164.7589,3378736.877
530,中国南极测绘研究中心, ,0,204.1498088,1350.684478,87,534165.9495,3378730.13
531,中国南极测绘研究中心, ,0,204.1498088,1350.684478,87,534169.8389,3378726.479
532,中国南极测绘研究中心, ,0,204.1498088,1350.684478,87,534173.8077,3378726.161
533,中国南极测绘研究中心, ,0,204.1498088,1350.684478,87,534173.9664,3378700.444
534,教学实验大楼, ,0,91.9774396,542.9031947,88,534193.4133,3378725.13
535,教学实验大楼, ,0,91.9774396,542.9031947,88,534173.8077,3378726.161
536,教学实验大楼, ,0,91.9774396,542.9031947,88,534169.8389,3378726.479
537,教学实验大楼, ,0,91.9774396,542.9031947,88,534165.9495,3378730.13
538,教学实验大楼, ,0,91.9774396,542.9031947,88,534164.7589,3378736.877
539,教学实验大楼, ,0,91.9774396,542.9031947,88,534166.3464,3378740.211
540,教学实验大楼, ,0,91.9774396,542.9031947,88,534171.0295,3378743.306
541,教学实验大楼, ,0,91.9774396,542.9031947,88,534195.7152,3378741.719
542,教学实验大楼, ,0,91.9774396,542.9031947,88,534199.9221,3378737.671
543,教学实验大楼, ,0,91.9774396,542.9031947,88,534200.0808,3378732.353
544,教学实验大楼, ,0,91.9774396,542.9031947,88,534199.2871,3378729.019
545,教学实验大楼, ,0,91.9774396,542.9031947,88,534197.3027,3378726.082
546,教学实验大楼, ,0,91.9774396,542.9031947,88,534193.4133,3378725.13
547,4号楼, ,0,250.0406576,1733.637095,89,534210.9721,3378826.395
548,4号楼, ,0,250.0406576,1733.637095,89,534211.5013,3378799.805
549,4号楼, ,0,250.0406576,1733.637095,89,534220.6294,3378799.937
550,4号楼, ,0,250.0406576,1733.637095,89,534221.0263,3378773.214
551,4号楼, ,0,250.0406576,1733.637095,89,534149.5093,3378773.664
552,4号楼, ,0,250.0406576,1733.637095,89,534149.2976,3378791.444
553,4号楼, ,0,250.0406576,1733.637095,89,534200.955,3378790.994
554,4号楼, ,0,250.0406576,1733.637095,89,534199.9184,3378826.555
555,4号楼, ,0,250.0406576,1733.637095,89,534210.9721,3378826.395
556,2号楼, ,0,197.4008236,1443.899162,90,534147.9455,3378837.414
557,2号楼, ,0,197.4008236,1443.899162,90,534147.9802,3378855.027
558,2号楼, ,0,197.4008236,1443.899162,90,534218.6627,3378854.141
559,2号楼, ,0,197.4008236,1443.899162,90,534219.1742,3378826.263
560,2号楼, ,0,197.4008236,1443.899162,90,534210.9721,3378826.395
561,2号楼, ,0,197.4008236,1443.899162,90,534199.9184,3378826.555
562,2号楼, ,0,197.4008236,1443.899162,90,534199.6188,3378836.833
563,2号楼, ,0,197.4008236,1443.899162,90,534147.9455,3378837.414
564,1号楼, ,0,332.9759897,2681.640103,91,534009.065,3378839.116
565,1号楼, ,0,332.9759897,2681.640103,91,534009.159,3378856.766
566,1号楼, ,0,332.9759897,2681.640103,91,534147.9802,3378855.027
567,1号楼, ,0,332.9759897,2681.640103,91,534147.9455,3378837.414
568,1号楼, ,0,332.9759897,2681.640103,91,534093.7853,3378838.024
569,1号楼, ,0,332.9759897,2681.640103,91,534094.1821,3378827.97
570,1号楼, ,0,332.9759897,2681.640103,91,534071.9571,3378828.366
571,1号楼, ,0,332.9759897,2681.640103,91,534071.8248,3378838.024
572,1号楼, ,0,332.9759897,2681.640103,91,534009.065,3378839.116
573,3号楼, ,0,180.8791736,1308.815525,92,533962.8586,3378839.921
574,3号楼, ,0,180.8791736,1308.815525,92,533950.9898,3378836.064
575,3号楼, ,0,180.8791736,1308.815525,92,533938.766,3378836.222
576,3号楼, ,0,180.8791736,1308.815525,92,533938.2898,3378857.654
577,3号楼, ,0,180.8791736,1308.815525,92,534009.159,3378856.766
578,3号楼, ,0,180.8791736,1308.815525,92,534009.065,3378839.116
579,3号楼, ,0,180.8791736,1308.815525,92,533962.8586,3378839.921
580,资源与环境学院, ,0,297.6150082,1852.56419,93,533957.3398,3378777.167
581,资源与环境学院, ,0,297.6150082,1852.56419,93,533969.9759,3378779.728
582,资源与环境学院, ,0,297.6150082,1852.56419,93,533971.3782,3378735.172
583,资源与环境学院, ,0,297.6150082,1852.56419,93,534005.0333,3378734.458
584,资源与环境学院, ,0,297.6150082,1852.56419,93,534004.6474,3378752.085
585,资源与环境学院, ,0,297.6150082,1852.56419,93,534014.4899,3378751.767
586,资源与环境学院, ,0,297.6150082,1852.56419,93,534014.8074,3378719.382
587,资源与环境学院, ,0,297.6150082,1852.56419,93,533942.576,3378720.811
588,资源与环境学院, ,0,297.6150082,1852.56419,93,533942.0998,3378739.861
589,资源与环境学院, ,0,297.6150082,1852.56419,93,533958.9273,3378738.75
590,资源与环境学院, ,0,297.6150082,1852.56419,93,533957.3398,3378777.167
