FID,NAME,TYPE,HEIGHT,SHAPE_Leng,SHAPE_Area,ORIG_FID
0,测绘科技大厦, ,0,113.296906715000010,560.081980895000020,1.000000000000000
1,测绘科技大厦, ,0,113.296906715000010,560.081980895000020,1.000000000000000
2,测绘科技大厦, ,0,113.296906715000010,560.081980895000020,1.000000000000000
3,测绘科技大厦, ,0,113.296906715000010,560.081980895000020,1.000000000000000
4,测绘科技大厦, ,0,113.296906715000010,560.081980895000020,1.000000000000000
5,学生宿舍10舍, ,0,175.692389889999990,935.927801338999980,2.000000000000000
6,学生宿舍10舍, ,0,175.692389889999990,935.927801338999980,2.000000000000000
7,学生宿舍10舍, ,0,175.692389889999990,935.927801338999980,2.000000000000000
8,学生宿舍10舍, ,0,175.692389889999990,935.927801338999980,2.000000000000000
9,学生宿舍10舍, ,0,175.692389889999990,935.927801338999980,2.000000000000000
10,武汉大学地理信息系统教育部重点实, ,0,209.723965472999990,1530.954838919999900,3.000000000000000
11,武汉大学地理信息系统教育部重点实, ,0,209.723965472999990,1530.954838919999900,3.000000000000000
12,武汉大学地理信息系统教育部重点实, ,0,209.723965472999990,1530.954838919999900,3.000000000000000
13,武汉大学地理信息系统教育部重点实, ,0,209.723965472999990,1530.954838919999900,3.000000000000000
14,武汉大学地理信息系统教育部重点实, ,0,209.723965472999990,1530.954838919999900,3.000000000000000
15,武汉大学地理信息系统教育部重点实, ,0,209.723965472999990,1530.954838919999900,3.000000000000000
16,武汉大学地理信息系统教育部重点实, ,0,209.723965472999990,1530.954838919999900,3.000000000000000
17,君宜王朝大饭店, ,0,356.050159885000030,5235.916358399999800,4.000000000000000
18,君宜王朝大饭店, ,0,356.050159885000030,5235.916358399999800,4.000000000000000
19,君宜王朝大饭店, ,0,356.050159885000030,5235.916358399999800,4.000000000000000
20,君宜王朝大饭店, ,0,356.050159885000030,5235.916358399999800,4.000000000000000
21,君宜王朝大饭店, ,0,356.050159885000030,5235.916358399999800,4.000000000000000
22,君宜王朝大饭店, ,0,356.050159885000030,5235.916358399999800,4.000000000000000
23,学生宿舍7、8、9舍, ,0,612.642048435999980,4543.175575489999600,5.000000000000000
24,学生宿舍7、8、9舍, ,0,612.642048435999980,4543.175575489999600,5.000000000000000
25,学生宿舍7、8、9舍, ,0,612.642048435999980,4543.175575489999600,5.000000000000000
26,学生宿舍7、8、9舍, ,0,612.642048435999980,4543.175575489999600,5.000000000000000
27,学生宿舍7、8、9舍, ,0,612.642048435999980,4543.175575489999600,5.000000000000000
28,学生宿舍7、8、9舍, ,0,612.642048435999980,4543.175575489999600,5.000000000000000
29,学生宿舍7、8、9舍, ,0,612.642048435999980,4543.175575489999600,5.000000000000000
30,学生宿舍7、8、9舍, ,0,612.642048435999980,4543.175575489999600,5.000000000000000
31,学生宿舍7、8、9舍, ,0,612.642048435999980,4543.175575489999600,5.000000000000000
32,学生宿舍7、8、9舍, ,0,612.642048435999980,4543.175575489999600,5.000000000000000
33,学生宿舍7、8、9舍, ,0,612.642048435999980,4543.175575489999600,5.000000000000000
34,5号楼, ,0,268.174922625000020,1929.961361960000000,6.000000000000000
35,5号楼, ,0,268.174922625000020,1929.961361960000000,6.000000000000000
36,5号楼, ,0,268.174922625000020,1929.961361960000000,6.000000000000000
37,5号楼, ,0,268.174922625000020,1929.961361960000000,6.000000000000000
38,5号楼, ,0,268.174922625000020,1929.961361960000000,6.000000000000000
39,5号楼, ,0,268.174922625000020,1929.961361960000000,6.000000000000000
40,5号楼, ,0,268.174922625000020,1929.961361960000000,6.000000000000000
41,5号楼, ,0,268.174922625000020,1929.961361960000000,6.000000000000000
42,5号楼, ,0,268.174922625000020,1929.961361960000000,6.000000000000000
43,5号楼, ,0,268.174922625000020,1929.961361960000000,6.000000000000000
44,5号楼, ,0,268.174922625000020,1929.961361960000000,6.000000000000000
45,学生活动中心, ,0,255.429635056000000,3407.486886109999900,7.000000000000000
46,学生活动中心, ,0,255.429635056000000,3407.486886109999900,7.000000000000000
47,学生活动中心, ,0,255.429635056000000,3407.486886109999900,7.000000000000000
48,学生活动中心, ,0,255.429635056000000,3407.486886109999900,7.000000000000000
49,学生活动中心, ,0,255.429635056000000,3407.486886109999900,7.000000000000000
50,学生活动中心, ,0,255.429635056000000,3407.486886109999900,7.000000000000000
51,学生活动中心, ,0,255.429635056000000,3407.486886109999900,7.000000000000000
52,学生活动中心, ,0,255.429635056000000,3407.486886109999900,7.000000000000000
53,学生活动中心, ,0,255.429635056000000,3407.486886109999900,7.000000000000000
54,学生活动中心, ,0,255.429635056000000,3407.486886109999900,7.000000000000000
55,学生活动中心, ,0,255.429635056000000,3407.486886109999900,7.000000000000000
56,学生活动中心, ,0,255.429635056000000,3407.486886109999900,7.000000000000000
57,学生活动中心, ,0,255.429635056000000,3407.486886109999900,7.000000000000000
58,信息学部体育馆, ,0,201.098212649999990,1695.520456929999900,8.000000000000000
59,信息学部体育馆, ,0,201.098212649999990,1695.520456929999900,8.000000000000000
60,信息学部体育馆, ,0,201.098212649999990,1695.520456929999900,8.000000000000000
61,信息学部体育馆, ,0,201.098212649999990,1695.520456929999900,8.000000000000000
62,信息学部体育馆, ,0,201.098212649999990,1695.520456929999900,8.000000000000000
63,信息学部体育馆, ,0,201.098212649999990,1695.520456929999900,8.000000000000000
64,信息学部体育馆, ,0,201.098212649999990,1695.520456929999900,8.000000000000000
65,信息学部体育馆, ,0,201.098212649999990,1695.520456929999900,8.000000000000000
66,信息学部体育馆, ,0,201.098212649999990,1695.520456929999900,8.000000000000000
67,测绘遥感国家重点实验室, ,0,189.982528406000000,1728.164342739999900,9.000000000000000
68,测绘遥感国家重点实验室, ,0,189.982528406000000,1728.164342739999900,9.000000000000000
69,测绘遥感国家重点实验室, ,0,189.982528406000000,1728.164342739999900,9.000000000000000
70,测绘遥感国家重点实验室, ,0,189.982528406000000,1728.164342739999900,9.000000000000000
71,测绘遥感国家重点实验室, ,0,189.982528406000000,1728.164342739999900,9.000000000000000
72,测绘遥感国家重点实验室, ,0,189.982528406000000,1728.164342739999900,9.000000000000000
73,测绘遥感国家重点实验室, ,0,189.982528406000000,1728.164342739999900,9.000000000000000
74,测绘遥感国家重点实验室, ,0,189.982528406000000,1728.164342739999900,9.000000000000000
75,测绘遥感国家重点实验室, ,0,189.982528406000000,1728.164342739999900,9.000000000000000
76,测绘遥感国家重点实验室, ,0,189.982528406000000,1728.164342739999900,9.000000000000000
77,测绘遥感国家重点实验室, ,0,189.982528406000000,1728.164342739999900,9.000000000000000
78,测绘遥感国家重点实验室, ,0,189.982528406000000,1728.164342739999900,9.000000000000000
79,测绘遥感国家重点实验室, ,0,189.982528406000000,1728.164342739999900,9.000000000000000
80,学生二食堂, ,0,383.244787416000010,6053.547420640000400,10.000000000000000
81,学生二食堂, ,0,383.244787416000010,6053.547420640000400,10.000000000000000
82,学生二食堂, ,0,383.244787416000010,6053.547420640000400,10.000000000000000
83,学生二食堂, ,0,383.244787416000010,6053.547420640000400,10.000000000000000
84,学生二食堂, ,0,383.244787416000010,6053.547420640000400,10.000000000000000
85,学生二食堂, ,0,383.244787416000010,6053.547420640000400,10.000000000000000
86,学生二食堂, ,0,383.244787416000010,6053.547420640000400,10.000000000000000
87,学生二食堂, ,0,383.244787416000010,6053.547420640000400,10.000000000000000
88,学生二食堂, ,0,383.244787416000010,6053.547420640000400,10.000000000000000
89,学生二食堂, ,0,383.244787416000010,6053.547420640000400,10.000000000000000
90,学生二食堂, ,0,383.244787416000010,6053.547420640000400,10.000000000000000
91,学生二食堂, ,0,383.244787416000010,6053.547420640000400,10.000000000000000
92,学生二食堂, ,0,383.244787416000010,6053.547420640000400,10.000000000000000
93,学生二食堂, ,0,383.244787416000010,6053.547420640000400,10.000000000000000
94,学生二食堂, ,0,383.244787416000010,6053.547420640000400,10.000000000000000
95,学生二食堂, ,0,383.244787416000010,6053.547420640000400,10.000000000000000
96,学生二食堂, ,0,383.244787416000010,6053.547420640000400,10.000000000000000
97,学生二食堂, ,0,383.244787416000010,6053.547420640000400,10.000000000000000
98,学生二食堂, ,0,383.244787416000010,6053.547420640000400,10.000000000000000
99,学生二食堂, ,0,383.244787416000010,6053.547420640000400,10.000000000000000
100,学生二食堂, ,0,383.244787416000010,6053.547420640000400,10.000000000000000
101,学生二食堂, ,0,383.244787416000010,6053.547420640000400,10.000000000000000
102,学生二食堂, ,0,383.244787416000010,6053.547420640000400,10.000000000000000
103,学生二食堂, ,0,383.244787416000010,6053.547420640000400,10.000000000000000
104,宇航科学与技术研究院, ,0,83.535785936099998,428.041953585999980,11.000000000000000
105,宇航科学与技术研究院, ,0,83.535785936099998,428.041953585999980,11.000000000000000
106,宇航科学与技术研究院, ,0,83.535785936099998,428.041953585999980,11.000000000000000
107,宇航科学与技术研究院, ,0,83.535785936099998,428.041953585999980,11.000000000000000
108,宇航科学与技术研究院, ,0,83.535785936099998,428.041953585999980,11.000000000000000
109,国软C7舍, ,0,80.276220472199995,369.645647275999980,12.000000000000000
110,国软C7舍, ,0,80.276220472199995,369.645647275999980,12.000000000000000
111,国软C7舍, ,0,80.276220472199995,369.645647275999980,12.000000000000000
112,国软C7舍, ,0,80.276220472199995,369.645647275999980,12.000000000000000
113,国软C7舍, ,0,80.276220472199995,369.645647275999980,12.000000000000000
114,富强印务, ,0,75.443612263500000,350.441230643999970,13.000000000000000
115,富强印务, ,0,75.443612263500000,350.441230643999970,13.000000000000000
116,富强印务, ,0,75.443612263500000,350.441230643999970,13.000000000000000
117,富强印务, ,0,75.443612263500000,350.441230643999970,13.000000000000000
118,富强印务, ,0,75.443612263500000,350.441230643999970,13.000000000000000
119, , ,0,106.975327175000000,531.837977033000020,14.000000000000000
120, , ,0,106.975327175000000,531.837977033000020,14.000000000000000
121, , ,0,106.975327175000000,531.837977033000020,14.000000000000000
122, , ,0,106.975327175000000,531.837977033000020,14.000000000000000
123, , ,0,106.975327175000000,531.837977033000020,14.000000000000000
124, , ,0,106.975327175000000,531.837977033000020,14.000000000000000
125, , ,0,106.975327175000000,531.837977033000020,14.000000000000000
126, , ,0,106.975327175000000,531.837977033000020,14.000000000000000
127,游泳池商店, ,0,79.989146519200006,319.899511057999970,15.000000000000000
128,游泳池商店, ,0,79.989146519200006,319.899511057999970,15.000000000000000
129,游泳池商店, ,0,79.989146519200006,319.899511057999970,15.000000000000000
130,游泳池商店, ,0,79.989146519200006,319.899511057999970,15.000000000000000
131,游泳池商店, ,0,79.989146519200006,319.899511057999970,15.000000000000000
132, , ,0,145.242719550000000,805.725181059999950,16.000000000000000
133, , ,0,145.242719550000000,805.725181059999950,16.000000000000000
134, , ,0,145.242719550000000,805.725181059999950,16.000000000000000
135, , ,0,145.242719550000000,805.725181059999950,16.000000000000000
136, , ,0,145.242719550000000,805.725181059999950,16.000000000000000
137,学生宿舍15、16舍, ,0,241.023498206000000,1334.268095319999900,17.000000000000000
138,学生宿舍15、16舍, ,0,241.023498206000000,1334.268095319999900,17.000000000000000
139,学生宿舍15、16舍, ,0,241.023498206000000,1334.268095319999900,17.000000000000000
140,学生宿舍15、16舍, ,0,241.023498206000000,1334.268095319999900,17.000000000000000
141,学生宿舍15、16舍, ,0,241.023498206000000,1334.268095319999900,17.000000000000000
142,学生宿舍15、16舍, ,0,241.023498206000000,1334.268095319999900,17.000000000000000
143,学生宿舍15、16舍, ,0,241.023498206000000,1334.268095319999900,17.000000000000000
144,学生宿舍15、16舍, ,0,241.023498206000000,1334.268095319999900,17.000000000000000
145,学生宿舍15、16舍, ,0,241.023498206000000,1334.268095319999900,17.000000000000000
146,学生宿舍11舍, ,0,120.381226263000000,574.702487861000010,18.000000000000000
147,学生宿舍11舍, ,0,120.381226263000000,574.702487861000010,18.000000000000000
148,学生宿舍11舍, ,0,120.381226263000000,574.702487861000010,18.000000000000000
149,学生宿舍11舍, ,0,120.381226263000000,574.702487861000010,18.000000000000000
150,学生宿舍11舍, ,0,120.381226263000000,574.702487861000010,18.000000000000000
151,学生宿舍12舍, ,0,115.624391479000000,610.022465545000050,19.000000000000000
152,学生宿舍12舍, ,0,115.624391479000000,610.022465545000050,19.000000000000000
153,学生宿舍12舍, ,0,115.624391479000000,610.022465545000050,19.000000000000000
154,学生宿舍12舍, ,0,115.624391479000000,610.022465545000050,19.000000000000000
155,学生宿舍12舍, ,0,115.624391479000000,610.022465545000050,19.000000000000000
156,学生宿舍13舍, ,0,116.042840141000000,622.945786946000000,20.000000000000000
157,学生宿舍13舍, ,0,116.042840141000000,622.945786946000000,20.000000000000000
158,学生宿舍13舍, ,0,116.042840141000000,622.945786946000000,20.000000000000000
159,学生宿舍13舍, ,0,116.042840141000000,622.945786946000000,20.000000000000000
160,学生宿舍13舍, ,0,116.042840141000000,622.945786946000000,20.000000000000000
161,学生宿舍14舍, ,0,111.371488951000000,539.305873907999970,21.000000000000000
162,学生宿舍14舍, ,0,111.371488951000000,539.305873907999970,21.000000000000000
163,学生宿舍14舍, ,0,111.371488951000000,539.305873907999970,21.000000000000000
164,学生宿舍14舍, ,0,111.371488951000000,539.305873907999970,21.000000000000000
165,学生宿舍14舍, ,0,111.371488951000000,539.305873907999970,21.000000000000000
166,学生宿舍6舍, ,6,144.768754201000010,806.128305191999970,22.000000000000000
167,学生宿舍6舍, ,6,144.768754201000010,806.128305191999970,22.000000000000000
168,学生宿舍6舍, ,6,144.768754201000010,806.128305191999970,22.000000000000000
169,学生宿舍6舍, ,6,144.768754201000010,806.128305191999970,22.000000000000000
170,学生宿舍6舍, ,6,144.768754201000010,806.128305191999970,22.000000000000000
171,学生一食堂, ,2,202.684976272999990,2539.726081820000200,23.000000000000000
172,学生一食堂, ,2,202.684976272999990,2539.726081820000200,23.000000000000000
173,学生一食堂, ,2,202.684976272999990,2539.726081820000200,23.000000000000000
174,学生一食堂, ,2,202.684976272999990,2539.726081820000200,23.000000000000000
175,学生一食堂, ,2,202.684976272999990,2539.726081820000200,23.000000000000000
176,学生宿舍2舍, ,6,145.520800001999990,787.545520848000020,24.000000000000000
177,学生宿舍2舍, ,6,145.520800001999990,787.545520848000020,24.000000000000000
178,学生宿舍2舍, ,6,145.520800001999990,787.545520848000020,24.000000000000000
179,学生宿舍2舍, ,6,145.520800001999990,787.545520848000020,24.000000000000000
180,学生宿舍2舍, ,6,145.520800001999990,787.545520848000020,24.000000000000000
181,学生宿舍3舍, ,7,154.504198591000010,937.288509076999960,25.000000000000000
182,学生宿舍3舍, ,7,154.504198591000010,937.288509076999960,25.000000000000000
183,学生宿舍3舍, ,7,154.504198591000010,937.288509076999960,25.000000000000000
184,学生宿舍3舍, ,7,154.504198591000010,937.288509076999960,25.000000000000000
185,学生宿舍3舍, ,7,154.504198591000010,937.288509076999960,25.000000000000000
186,学生宿舍4舍, ,7,166.886756999999990,1169.697539830000100,26.000000000000000
187,学生宿舍4舍, ,7,166.886756999999990,1169.697539830000100,26.000000000000000
188,学生宿舍4舍, ,7,166.886756999999990,1169.697539830000100,26.000000000000000
189,学生宿舍4舍, ,7,166.886756999999990,1169.697539830000100,26.000000000000000
190,学生宿舍4舍, ,7,166.886756999999990,1169.697539830000100,26.000000000000000
191, , ,7,165.170748733000010,1128.870078210000000,27.000000000000000
192, , ,7,165.170748733000010,1128.870078210000000,27.000000000000000
193, , ,7,165.170748733000010,1128.870078210000000,27.000000000000000
194, , ,7,165.170748733000010,1128.870078210000000,27.000000000000000
195, , ,7,165.170748733000010,1128.870078210000000,27.000000000000000
196, , ,6,148.272799999999990,873.016948788000040,28.000000000000000
197, , ,6,148.272799999999990,873.016948788000040,28.000000000000000
198, , ,6,148.272799999999990,873.016948788000040,28.000000000000000
199, , ,6,148.272799999999990,873.016948788000040,28.000000000000000
200, , ,6,148.272799999999990,873.016948788000040,28.000000000000000
201, , ,0,83.608600001799999,282.259457945000010,29.000000000000000
202, , ,0,83.608600001799999,282.259457945000010,29.000000000000000
203, , ,0,83.608600001799999,282.259457945000010,29.000000000000000
204, , ,0,83.608600001799999,282.259457945000010,29.000000000000000
205, , ,0,83.608600001799999,282.259457945000010,29.000000000000000
206, , ,0,128.135838210000000,414.171887066000010,30.000000000000000
207, , ,0,128.135838210000000,414.171887066000010,30.000000000000000
208, , ,0,128.135838210000000,414.171887066000010,30.000000000000000
209, , ,0,128.135838210000000,414.171887066000010,30.000000000000000
210, , ,0,128.135838210000000,414.171887066000010,30.000000000000000
211, , ,0,128.135838210000000,414.171887066000010,30.000000000000000
212, , ,0,128.135838210000000,414.171887066000010,30.000000000000000
213, , ,2,162.073823092000000,776.455373713999960,31.000000000000000
214, , ,2,162.073823092000000,776.455373713999960,31.000000000000000
215, , ,2,162.073823092000000,776.455373713999960,31.000000000000000
216, , ,2,162.073823092000000,776.455373713999960,31.000000000000000
217, , ,2,162.073823092000000,776.455373713999960,31.000000000000000
218, , ,2,162.073823092000000,776.455373713999960,31.000000000000000
219, , ,2,162.073823092000000,776.455373713999960,31.000000000000000
220, , ,2,162.073823092000000,776.455373713999960,31.000000000000000
221, , ,2,162.073823092000000,776.455373713999960,31.000000000000000
222, , ,2,162.073823092000000,776.455373713999960,31.000000000000000
223, , ,2,162.073823092000000,776.455373713999960,31.000000000000000
224, , ,1,97.106554866899998,282.784457374999990,32.000000000000000
225, , ,1,97.106554866899998,282.784457374999990,32.000000000000000
226, , ,1,97.106554866899998,282.784457374999990,32.000000000000000
227, , ,1,97.106554866899998,282.784457374999990,32.000000000000000
228, , ,1,97.106554866899998,282.784457374999990,32.000000000000000
229, , ,1,97.106554866899998,282.784457374999990,32.000000000000000
230, , ,1,97.106554866899998,282.784457374999990,32.000000000000000
231, , ,1,46.831600002899997,121.844635670000000,33.000000000000000
232, , ,1,46.831600002899997,121.844635670000000,33.000000000000000
233, , ,1,46.831600002899997,121.844635670000000,33.000000000000000
234, , ,1,46.831600002899997,121.844635670000000,33.000000000000000
235, , ,1,46.831600002899997,121.844635670000000,33.000000000000000
236, , ,1,54.599067084600001,175.630746246000000,34.000000000000000
237, , ,1,54.599067084600001,175.630746246000000,34.000000000000000
238, , ,1,54.599067084600001,175.630746246000000,34.000000000000000
239, , ,1,54.599067084600001,175.630746246000000,34.000000000000000
240, , ,1,54.599067084600001,175.630746246000000,34.000000000000000
241, , ,1,97.782527789900001,514.753609869999990,35.000000000000000
242, , ,1,97.782527789900001,514.753609869999990,35.000000000000000
243, , ,1,97.782527789900001,514.753609869999990,35.000000000000000
244, , ,1,97.782527789900001,514.753609869999990,35.000000000000000
245, , ,1,97.782527789900001,514.753609869999990,35.000000000000000
246, , ,0,254.478686450999990,3176.563317109999800,36.000000000000000
247, , ,0,254.478686450999990,3176.563317109999800,36.000000000000000
248, , ,0,254.478686450999990,3176.563317109999800,36.000000000000000
249, , ,0,254.478686450999990,3176.563317109999800,36.000000000000000
250, , ,0,254.478686450999990,3176.563317109999800,36.000000000000000
251, , ,0,254.478686450999990,3176.563317109999800,36.000000000000000
252, , ,0,254.478686450999990,3176.563317109999800,36.000000000000000
253, , ,0,254.478686450999990,3176.563317109999800,36.000000000000000
254, , ,0,254.478686450999990,3176.563317109999800,36.000000000000000
255, , ,0,254.478686450999990,3176.563317109999800,36.000000000000000
256, , ,0,254.478686450999990,3176.563317109999800,36.000000000000000
257, , ,0,254.478686450999990,3176.563317109999800,36.000000000000000
258, , ,0,139.281547182999990,707.863625329999990,37.000000000000000
259, , ,0,139.281547182999990,707.863625329999990,37.000000000000000
260, , ,0,139.281547182999990,707.863625329999990,37.000000000000000
261, , ,0,139.281547182999990,707.863625329999990,37.000000000000000
262, , ,0,139.281547182999990,707.863625329999990,37.000000000000000
263, , ,0,139.281547182999990,707.863625329999990,37.000000000000000
264, , ,0,139.281547182999990,707.863625329999990,37.000000000000000
265, , ,0,94.640371687599995,424.975287944999990,38.000000000000000
266, , ,0,94.640371687599995,424.975287944999990,38.000000000000000
267, , ,0,94.640371687599995,424.975287944999990,38.000000000000000
268, , ,0,94.640371687599995,424.975287944999990,38.000000000000000
269, , ,0,94.640371687599995,424.975287944999990,38.000000000000000
270, , ,0,95.914830214700004,421.698221948000030,39.000000000000000
271, , ,0,95.914830214700004,421.698221948000030,39.000000000000000
272, , ,0,95.914830214700004,421.698221948000030,39.000000000000000
273, , ,0,95.914830214700004,421.698221948000030,39.000000000000000
274, , ,0,95.914830214700004,421.698221948000030,39.000000000000000
275, , ,0,91.428128364900004,269.960485864000020,40.000000000000000
276, , ,0,91.428128364900004,269.960485864000020,40.000000000000000
277, , ,0,91.428128364900004,269.960485864000020,40.000000000000000
278, , ,0,91.428128364900004,269.960485864000020,40.000000000000000
279, , ,0,91.428128364900004,269.960485864000020,40.000000000000000
280, , ,0,58.738815178099998,181.954820203000000,41.000000000000000
281, , ,0,58.738815178099998,181.954820203000000,41.000000000000000
282, , ,0,58.738815178099998,181.954820203000000,41.000000000000000
283, , ,0,58.738815178099998,181.954820203000000,41.000000000000000
284, , ,0,58.738815178099998,181.954820203000000,41.000000000000000
285, , ,0,41.909800000499999,109.550144442000000,42.000000000000000
286, , ,0,41.909800000499999,109.550144442000000,42.000000000000000
287, , ,0,41.909800000499999,109.550144442000000,42.000000000000000
288, , ,0,41.909800000499999,109.550144442000000,42.000000000000000
289, , ,0,41.909800000499999,109.550144442000000,42.000000000000000
290, , ,0,144.760118121000000,664.040755088999960,43.000000000000000
291, , ,0,144.760118121000000,664.040755088999960,43.000000000000000
292, , ,0,144.760118121000000,664.040755088999960,43.000000000000000
293, , ,0,144.760118121000000,664.040755088999960,43.000000000000000
294, , ,0,144.760118121000000,664.040755088999960,43.000000000000000
295, , ,0,91.276656752799994,426.204825804000000,44.000000000000000
296, , ,0,91.276656752799994,426.204825804000000,44.000000000000000
297, , ,0,91.276656752799994,426.204825804000000,44.000000000000000
298, , ,0,91.276656752799994,426.204825804000000,44.000000000000000
299, , ,0,91.276656752799994,426.204825804000000,44.000000000000000
300, , ,0,74.881544016299998,320.306993068999990,45.000000000000000
301, , ,0,74.881544016299998,320.306993068999990,45.000000000000000
302, , ,0,74.881544016299998,320.306993068999990,45.000000000000000
303, , ,0,74.881544016299998,320.306993068999990,45.000000000000000
304, , ,0,74.881544016299998,320.306993068999990,45.000000000000000
305, , ,4,198.323753025999990,1360.409940190000000,46.000000000000000
306, , ,4,198.323753025999990,1360.409940190000000,46.000000000000000
307, , ,4,198.323753025999990,1360.409940190000000,46.000000000000000
308, , ,4,198.323753025999990,1360.409940190000000,46.000000000000000
309, , ,4,198.323753025999990,1360.409940190000000,46.000000000000000
310, , ,4,198.323753025999990,1360.409940190000000,46.000000000000000
311, , ,4,198.323753025999990,1360.409940190000000,46.000000000000000
312, , ,4,198.323753025999990,1360.409940190000000,46.000000000000000
313, , ,4,198.323753025999990,1360.409940190000000,46.000000000000000
314, , ,3,128.900353886999990,599.043139849999990,47.000000000000000
315, , ,3,128.900353886999990,599.043139849999990,47.000000000000000
316, , ,3,128.900353886999990,599.043139849999990,47.000000000000000
317, , ,3,128.900353886999990,599.043139849999990,47.000000000000000
318, , ,3,128.900353886999990,599.043139849999990,47.000000000000000
319, , ,3,53.975200001200001,159.401232196000000,48.000000000000000
320, , ,3,53.975200001200001,159.401232196000000,48.000000000000000
321, , ,3,53.975200001200001,159.401232196000000,48.000000000000000
322, , ,3,53.975200001200001,159.401232196000000,48.000000000000000
323, , ,3,53.975200001200001,159.401232196000000,48.000000000000000
324, , ,2,50.382875460400001,149.270810318000000,49.000000000000000
325, , ,2,50.382875460400001,149.270810318000000,49.000000000000000
326, , ,2,50.382875460400001,149.270810318000000,49.000000000000000
327, , ,2,50.382875460400001,149.270810318000000,49.000000000000000
328, , ,2,50.382875460400001,149.270810318000000,49.000000000000000
329, , ,2,61.116665724100002,230.251110387000010,50.000000000000000
330, , ,2,61.116665724100002,230.251110387000010,50.000000000000000
331, , ,2,61.116665724100002,230.251110387000010,50.000000000000000
332, , ,2,61.116665724100002,230.251110387000010,50.000000000000000
333, , ,2,61.116665724100002,230.251110387000010,50.000000000000000
334, , ,2,53.871664805199998,179.983261432000010,51.000000000000000
335, , ,2,53.871664805199998,179.983261432000010,51.000000000000000
336, , ,2,53.871664805199998,179.983261432000010,51.000000000000000
337, , ,2,53.871664805199998,179.983261432000010,51.000000000000000
338, , ,2,53.871664805199998,179.983261432000010,51.000000000000000
339, , ,2,57.351578030900001,204.771277650000000,52.000000000000000
340, , ,2,57.351578030900001,204.771277650000000,52.000000000000000
341, , ,2,57.351578030900001,204.771277650000000,52.000000000000000
342, , ,2,57.351578030900001,204.771277650000000,52.000000000000000
343, , ,2,57.351578030900001,204.771277650000000,52.000000000000000
344, , ,2,169.775088813000000,1712.679106269999900,53.000000000000000
345, , ,2,169.775088813000000,1712.679106269999900,53.000000000000000
346, , ,2,169.775088813000000,1712.679106269999900,53.000000000000000
347, , ,2,169.775088813000000,1712.679106269999900,53.000000000000000
348, , ,2,169.775088813000000,1712.679106269999900,53.000000000000000
349, , ,0,116.074088678000000,675.538503955000010,54.000000000000000
350, , ,0,116.074088678000000,675.538503955000010,54.000000000000000
351, , ,0,116.074088678000000,675.538503955000010,54.000000000000000
352, , ,0,116.074088678000000,675.538503955000010,54.000000000000000
353, , ,0,116.074088678000000,675.538503955000010,54.000000000000000
354, , ,0,96.956165167199998,364.875570388000030,55.000000000000000
355, , ,0,96.956165167199998,364.875570388000030,55.000000000000000
356, , ,0,96.956165167199998,364.875570388000030,55.000000000000000
357, , ,0,96.956165167199998,364.875570388000030,55.000000000000000
358, , ,0,96.956165167199998,364.875570388000030,55.000000000000000
359, , ,0,78.223788217399999,366.210381875999990,56.000000000000000
360, , ,0,78.223788217399999,366.210381875999990,56.000000000000000
361, , ,0,78.223788217399999,366.210381875999990,56.000000000000000
362, , ,0,78.223788217399999,366.210381875999990,56.000000000000000
363, , ,0,78.223788217399999,366.210381875999990,56.000000000000000
364, , ,0,50.486001864899997,125.705338079000000,57.000000000000000
365, , ,0,50.486001864899997,125.705338079000000,57.000000000000000
366, , ,0,50.486001864899997,125.705338079000000,57.000000000000000
367, , ,0,50.486001864899997,125.705338079000000,57.000000000000000
368, , ,0,50.486001864899997,125.705338079000000,57.000000000000000
369, , ,0,50.056878556599997,123.156275553000000,58.000000000000000
370, , ,0,50.056878556599997,123.156275553000000,58.000000000000000
371, , ,0,50.056878556599997,123.156275553000000,58.000000000000000
372, , ,0,50.056878556599997,123.156275553000000,58.000000000000000
373, , ,0,50.056878556599997,123.156275553000000,58.000000000000000
374, , ,0,50.058408247400003,121.785617906000000,59.000000000000000
375, , ,0,50.058408247400003,121.785617906000000,59.000000000000000
376, , ,0,50.058408247400003,121.785617906000000,59.000000000000000
377, , ,0,50.058408247400003,121.785617906000000,59.000000000000000
378, , ,0,50.058408247400003,121.785617906000000,59.000000000000000
379, , ,0,91.033790903200000,311.782785894000030,60.000000000000000
380, , ,0,91.033790903200000,311.782785894000030,60.000000000000000
381, , ,0,91.033790903200000,311.782785894000030,60.000000000000000
382, , ,0,91.033790903200000,311.782785894000030,60.000000000000000
383, , ,0,91.033790903200000,311.782785894000030,60.000000000000000
384, , ,0,90.412467735800007,314.742541968000010,61.000000000000000
385, , ,0,90.412467735800007,314.742541968000010,61.000000000000000
386, , ,0,90.412467735800007,314.742541968000010,61.000000000000000
387, , ,0,90.412467735800007,314.742541968000010,61.000000000000000
388, , ,0,90.412467735800007,314.742541968000010,61.000000000000000
389, , ,0,138.464850020000000,519.678367414000040,62.000000000000000
390, , ,0,138.464850020000000,519.678367414000040,62.000000000000000
391, , ,0,138.464850020000000,519.678367414000040,62.000000000000000
392, , ,0,138.464850020000000,519.678367414000040,62.000000000000000
393, , ,0,138.464850020000000,519.678367414000040,62.000000000000000
394, , ,3,141.504983124000010,746.999545794000030,63.000000000000000
395, , ,3,141.504983124000010,746.999545794000030,63.000000000000000
396, , ,3,141.504983124000010,746.999545794000030,63.000000000000000
397, , ,3,141.504983124000010,746.999545794000030,63.000000000000000
398, , ,3,141.504983124000010,746.999545794000030,63.000000000000000
399, , ,3,141.504983124000010,746.999545794000030,63.000000000000000
400, , ,3,141.504983124000010,746.999545794000030,63.000000000000000
401, , ,7,136.332801305999990,794.704371660999980,64.000000000000000
402, , ,7,136.332801305999990,794.704371660999980,64.000000000000000
403, , ,7,136.332801305999990,794.704371660999980,64.000000000000000
404, , ,7,136.332801305999990,794.704371660999980,64.000000000000000
405, , ,7,136.332801305999990,794.704371660999980,64.000000000000000
406, , ,0,146.118980295999990,891.177392984999980,65.000000000000000
407, , ,0,146.118980295999990,891.177392984999980,65.000000000000000
408, , ,0,146.118980295999990,891.177392984999980,65.000000000000000
409, , ,0,146.118980295999990,891.177392984999980,65.000000000000000
410, , ,0,146.118980295999990,891.177392984999980,65.000000000000000
411, , ,0,121.084051293000000,657.574153112999970,66.000000000000000
412, , ,0,121.084051293000000,657.574153112999970,66.000000000000000
413, , ,0,121.084051293000000,657.574153112999970,66.000000000000000
414, , ,0,121.084051293000000,657.574153112999970,66.000000000000000
415, , ,0,121.084051293000000,657.574153112999970,66.000000000000000
416, , ,0,109.884087231000000,393.670687864999990,67.000000000000000
417, , ,0,109.884087231000000,393.670687864999990,67.000000000000000
418, , ,0,109.884087231000000,393.670687864999990,67.000000000000000
419, , ,0,109.884087231000000,393.670687864999990,67.000000000000000
420, , ,0,109.884087231000000,393.670687864999990,67.000000000000000
421, , ,0,116.184990848000000,522.410803328000040,68.000000000000000
422, , ,0,116.184990848000000,522.410803328000040,68.000000000000000
423, , ,0,116.184990848000000,522.410803328000040,68.000000000000000
424, , ,0,116.184990848000000,522.410803328000040,68.000000000000000
425, , ,0,116.184990848000000,522.410803328000040,68.000000000000000
426, , ,0,126.225203255000000,728.924688922999960,70.000000000000000
427, , ,0,126.225203255000000,728.924688922999960,70.000000000000000
428, , ,0,126.225203255000000,728.924688922999960,70.000000000000000
429, , ,0,126.225203255000000,728.924688922999960,70.000000000000000
430, , ,0,126.225203255000000,728.924688922999960,70.000000000000000
431, , ,0,110.333507467999990,565.776896362999990,71.000000000000000
432, , ,0,110.333507467999990,565.776896362999990,71.000000000000000
433, , ,0,110.333507467999990,565.776896362999990,71.000000000000000
434, , ,0,110.333507467999990,565.776896362999990,71.000000000000000
435, , ,0,110.333507467999990,565.776896362999990,71.000000000000000
436, , ,0,114.327696312000000,522.940573172999960,72.000000000000000
437, , ,0,114.327696312000000,522.940573172999960,72.000000000000000
438, , ,0,114.327696312000000,522.940573172999960,72.000000000000000
439, , ,0,114.327696312000000,522.940573172999960,72.000000000000000
440, , ,0,114.327696312000000,522.940573172999960,72.000000000000000
441, , ,0,111.770731588999990,486.917459372999990,73.000000000000000
442, , ,0,111.770731588999990,486.917459372999990,73.000000000000000
443, , ,0,111.770731588999990,486.917459372999990,73.000000000000000
444, , ,0,111.770731588999990,486.917459372999990,73.000000000000000
445, , ,0,111.770731588999990,486.917459372999990,73.000000000000000
446, , ,0,113.444274772000000,538.620018749999990,74.000000000000000
447, , ,0,113.444274772000000,538.620018749999990,74.000000000000000
448, , ,0,113.444274772000000,538.620018749999990,74.000000000000000
449, , ,0,113.444274772000000,538.620018749999990,74.000000000000000
450, , ,0,113.444274772000000,538.620018749999990,74.000000000000000
451, , ,0,131.371914315999990,557.448618606999960,75.000000000000000
452, , ,0,131.371914315999990,557.448618606999960,75.000000000000000
453, , ,0,131.371914315999990,557.448618606999960,75.000000000000000
454, , ,0,131.371914315999990,557.448618606999960,75.000000000000000
455, , ,0,131.371914315999990,557.448618606999960,75.000000000000000
456, , ,0,131.371914315999990,557.448618606999960,75.000000000000000
457, , ,0,131.371914315999990,557.448618606999960,75.000000000000000
458, , ,0,115.887599999000000,591.538386311999940,76.000000000000000
459, , ,0,115.887599999000000,591.538386311999940,76.000000000000000
460, , ,0,115.887599999000000,591.538386311999940,76.000000000000000
461, , ,0,115.887599999000000,591.538386311999940,76.000000000000000
462, , ,0,115.887599999000000,591.538386311999940,76.000000000000000
463, , ,0,121.708600000999990,661.035100358000020,77.000000000000000
464, , ,0,121.708600000999990,661.035100358000020,77.000000000000000
465, , ,0,121.708600000999990,661.035100358000020,77.000000000000000
466, , ,0,121.708600000999990,661.035100358000020,77.000000000000000
467, , ,0,121.708600000999990,661.035100358000020,77.000000000000000
468, , ,0,113.246153685000000,521.495074974999970,78.000000000000000
469, , ,0,113.246153685000000,521.495074974999970,78.000000000000000
470, , ,0,113.246153685000000,521.495074974999970,78.000000000000000
471, , ,0,113.246153685000000,521.495074974999970,78.000000000000000
472, , ,0,113.246153685000000,521.495074974999970,78.000000000000000
473, , ,0,155.099118116999990,1049.252669649999900,79.000000000000000
474, , ,0,155.099118116999990,1049.252669649999900,79.000000000000000
475, , ,0,155.099118116999990,1049.252669649999900,79.000000000000000
476, , ,0,155.099118116999990,1049.252669649999900,79.000000000000000
477, , ,0,155.099118116999990,1049.252669649999900,79.000000000000000
478, , ,0,157.960157130999990,904.203232372000000,80.000000000000000
479, , ,0,157.960157130999990,904.203232372000000,80.000000000000000
480, , ,0,157.960157130999990,904.203232372000000,80.000000000000000
481, , ,0,157.960157130999990,904.203232372000000,80.000000000000000
482, , ,0,157.960157130999990,904.203232372000000,80.000000000000000
483, , ,6,137.795399999000010,872.471419180999990,81.000000000000000
484, , ,6,137.795399999000010,872.471419180999990,81.000000000000000
485, , ,6,137.795399999000010,872.471419180999990,81.000000000000000
486, , ,6,137.795399999000010,872.471419180999990,81.000000000000000
487, , ,6,137.795399999000010,872.471419180999990,81.000000000000000
488, , ,6,117.475000003000010,622.950349208000030,82.000000000000000
489, , ,6,117.475000003000010,622.950349208000030,82.000000000000000
490, , ,6,117.475000003000010,622.950349208000030,82.000000000000000
491, , ,6,117.475000003000010,622.950349208000030,82.000000000000000
492, , ,6,117.475000003000010,622.950349208000030,82.000000000000000
493, , ,3,102.658400001000000,508.618090918000010,83.000000000000000
494, , ,3,102.658400001000000,508.618090918000010,83.000000000000000
495, , ,3,102.658400001000000,508.618090918000010,83.000000000000000
496, , ,3,102.658400001000000,508.618090918000010,83.000000000000000
497, , ,3,102.658400001000000,508.618090918000010,83.000000000000000
498, , ,3,102.658400001000000,508.618090918000010,83.000000000000000
499, , ,3,102.658400001000000,508.618090918000010,83.000000000000000
500, , ,3,112.217488901000000,523.370797305999990,84.000000000000000
501, , ,3,112.217488901000000,523.370797305999990,84.000000000000000
502, , ,3,112.217488901000000,523.370797305999990,84.000000000000000
503, , ,3,112.217488901000000,523.370797305999990,84.000000000000000
504, , ,3,112.217488901000000,523.370797305999990,84.000000000000000
505, , ,2,67.216014123600004,273.232618842000020,85.000000000000000
506, , ,2,67.216014123600004,273.232618842000020,85.000000000000000
507, , ,2,67.216014123600004,273.232618842000020,85.000000000000000
508, , ,2,67.216014123600004,273.232618842000020,85.000000000000000
509, , ,2,67.216014123600004,273.232618842000020,85.000000000000000
510, , ,0,164.718008526000010,1439.802952220000000,86.000000000000000
511, , ,0,164.718008526000010,1439.802952220000000,86.000000000000000
512, , ,0,164.718008526000010,1439.802952220000000,86.000000000000000
513, , ,0,164.718008526000010,1439.802952220000000,86.000000000000000
514, , ,0,164.718008526000010,1439.802952220000000,86.000000000000000
515, , ,0,164.718008526000010,1439.802952220000000,86.000000000000000
516, , ,0,164.718008526000010,1439.802952220000000,86.000000000000000
517, , ,0,164.718008526000010,1439.802952220000000,86.000000000000000
518, , ,0,164.718008526000010,1439.802952220000000,86.000000000000000
519,中国南极测绘研究中心, ,0,204.149808788000000,1350.684478140000000,87.000000000000000
520,中国南极测绘研究中心, ,0,204.149808788000000,1350.684478140000000,87.000000000000000
521,中国南极测绘研究中心, ,0,204.149808788000000,1350.684478140000000,87.000000000000000
522,中国南极测绘研究中心, ,0,204.149808788000000,1350.684478140000000,87.000000000000000
523,中国南极测绘研究中心, ,0,204.149808788000000,1350.684478140000000,87.000000000000000
524,中国南极测绘研究中心, ,0,204.149808788000000,1350.684478140000000,87.000000000000000
525,中国南极测绘研究中心, ,0,204.149808788000000,1350.684478140000000,87.000000000000000
526,中国南极测绘研究中心, ,0,204.149808788000000,1350.684478140000000,87.000000000000000
527,中国南极测绘研究中心, ,0,204.149808788000000,1350.684478140000000,87.000000000000000
528,中国南极测绘研究中心, ,0,204.149808788000000,1350.684478140000000,87.000000000000000
529,中国南极测绘研究中心, ,0,204.149808788000000,1350.684478140000000,87.000000000000000
530,中国南极测绘研究中心, ,0,204.149808788000000,1350.684478140000000,87.000000000000000
531,中国南极测绘研究中心, ,0,204.149808788000000,1350.684478140000000,87.000000000000000
532,中国南极测绘研究中心, ,0,204.149808788000000,1350.684478140000000,87.000000000000000
533,中国南极测绘研究中心, ,0,204.149808788000000,1350.684478140000000,87.000000000000000
534,教学实验大楼, ,0,91.977439595199996,542.903194696000010,88.000000000000000
535,教学实验大楼, ,0,91.977439595199996,542.903194696000010,88.000000000000000
536,教学实验大楼, ,0,91.977439595199996,542.903194696000010,88.000000000000000
537,教学实验大楼, ,0,91.977439595199996,542.903194696000010,88.000000000000000
538,教学实验大楼, ,0,91.977439595199996,542.903194696000010,88.000000000000000
539,教学实验大楼, ,0,91.977439595199996,542.903194696000010,88.000000000000000
540,教学实验大楼, ,0,91.977439595199996,542.903194696000010,88.000000000000000
541,教学实验大楼, ,0,91.977439595199996,542.903194696000010,88.000000000000000
542,教学实验大楼, ,0,91.977439595199996,542.903194696000010,88.000000000000000
543,教学实验大楼, ,0,91.977439595199996,542.903194696000010,88.000000000000000
544,教学实验大楼, ,0,91.977439595199996,542.903194696000010,88.000000000000000
545,教学实验大楼, ,0,91.977439595199996,542.903194696000010,88.000000000000000
546,教学实验大楼, ,0,91.977439595199996,542.903194696000010,88.000000000000000
547,4号楼, ,0,250.040657632000010,1733.637094689999900,89.000000000000000
548,4号楼, ,0,250.040657632000010,1733.637094689999900,89.000000000000000
549,4号楼, ,0,250.040657632000010,1733.637094689999900,89.000000000000000
550,4号楼, ,0,250.040657632000010,1733.637094689999900,89.000000000000000
551,4号楼, ,0,250.040657632000010,1733.637094689999900,89.000000000000000
552,4号楼, ,0,250.040657632000010,1733.637094689999900,89.000000000000000
553,4号楼, ,0,250.040657632000010,1733.637094689999900,89.000000000000000
554,4号楼, ,0,250.040657632000010,1733.637094689999900,89.000000000000000
555,4号楼, ,0,250.040657632000010,1733.637094689999900,89.000000000000000
556,2号楼, ,0,197.400823594000000,1443.899162350000100,90.000000000000000
557,2号楼, ,0,197.400823594000000,1443.899162350000100,90.000000000000000
558,2号楼, ,0,197.400823594000000,1443.899162350000100,90.000000000000000
559,2号楼, ,0,197.400823594000000,1443.899162350000100,90.000000000000000
560,2号楼, ,0,197.400823594000000,1443.899162350000100,90.000000000000000
561,2号楼, ,0,197.400823594000000,1443.899162350000100,90.000000000000000
562,2号楼, ,0,197.400823594000000,1443.899162350000100,90.000000000000000
563,2号楼, ,0,197.400823594000000,1443.899162350000100,90.000000000000000
564,1号楼, ,0,332.975989705000020,2681.640103050000100,91.000000000000000
565,1号楼, ,0,332.975989705000020,2681.640103050000100,91.000000000000000
566,1号楼, ,0,332.975989705000020,2681.640103050000100,91.000000000000000
567,1号楼, ,0,332.975989705000020,2681.640103050000100,91.000000000000000
568,1号楼, ,0,332.975989705000020,2681.640103050000100,91.000000000000000
569,1号楼, ,0,332.975989705000020,2681.640103050000100,91.000000000000000
570,1号楼, ,0,332.975989705000020,2681.640103050000100,91.000000000000000
571,1号楼, ,0,332.975989705000020,2681.640103050000100,91.000000000000000
572,1号楼, ,0,332.975989705000020,2681.640103050000100,91.000000000000000
573,3号楼, ,0,180.879173565000000,1308.815524800000000,92.000000000000000
574,3号楼, ,0,180.879173565000000,1308.815524800000000,92.000000000000000
575,3号楼, ,0,180.879173565000000,1308.815524800000000,92.000000000000000
576,3号楼, ,0,180.879173565000000,1308.815524800000000,92.000000000000000
577,3号楼, ,0,180.879173565000000,1308.815524800000000,92.000000000000000
578,3号楼, ,0,180.879173565000000,1308.815524800000000,92.000000000000000
579,3号楼, ,0,180.879173565000000,1308.815524800000000,92.000000000000000
580,资源与环境学院, ,0,297.615008225999990,1852.564190139999900,93.000000000000000
581,资源与环境学院, ,0,297.615008225999990,1852.564190139999900,93.000000000000000
582,资源与环境学院, ,0,297.615008225999990,1852.564190139999900,93.000000000000000
583,资源与环境学院, ,0,297.615008225999990,1852.564190139999900,93.000000000000000
584,资源与环境学院, ,0,297.615008225999990,1852.564190139999900,93.000000000000000
585,资源与环境学院, ,0,297.615008225999990,1852.564190139999900,93.000000000000000
586,资源与环境学院, ,0,297.615008225999990,1852.564190139999900,93.000000000000000
587,资源与环境学院, ,0,297.615008225999990,1852.564190139999900,93.000000000000000
588,资源与环境学院, ,0,297.615008225999990,1852.564190139999900,93.000000000000000
589,资源与环境学院, ,0,297.615008225999990,1852.564190139999900,93.000000000000000
590,资源与环境学院, ,0,297.615008225999990,1852.564190139999900,93.000000000000000