FID,NAME,TYPE,HEIGHT,SHAPE_Leng,SHAPE_Area,ORIG_FID,POINT_X,POINT_Y
0, , ,0,113.296906715000010,560.081980895000020,1,534021.103400000020000,3378680.524600000100000
1, , ,0,113.296906715000010,560.081980895000020,1,534026.550799999970000,3378692.065700000200000
2, , ,0,113.296906715000010,560.081980895000020,1,534066.238400000030000,3378673.333200000200000
3, , ,0,113.296906715000010,560.081980895000020,1,534060.790999999970000,3378661.792100000200000
4, , ,0,113.296906715000010,560.081980895000020,1,534021.103400000020000,3378680.524600000100000
5, , ,0,175.692389889999990,935.927801338999980,2,533750.741000000040000,3378849.102899999800000
6, , ,0,175.692389889999990,935.927801338999980,2,533751.110899999970000,3378861.503599999900000
7, , ,0,175.692389889999990,935.927801338999980,2,533826.517299999950000,3378859.254699999900000
8, , ,0,175.692389889999990,935.927801338999980,2,533826.147400000020000,3378846.853900000000000
9, , ,0,175.692389889999990,935.927801338999980,2,533750.741000000040000,3378849.102899999800000
10, , ,0,209.723965472999990,1530.954838919999900,3,534008.970300000040000,3378675.417500000000000
11, , ,0,209.723965472999990,1530.954838919999900,3,533933.726099999970000,3378701.007999999900000
12, , ,0,209.723965472999990,1530.954838919999900,3,533936.633000000030000,3378712.882499999800000
13, , ,0,209.723965472999990,1530.954838919999900,3,533971.981400000050000,3378701.346700000100000
14, , ,0,209.723965472999990,1530.954838919999900,3,533975.050599999960000,3378713.729199999900000
15, , ,0,209.723965472999990,1530.954838919999900,3,534016.008200000040000,3378698.912500000100000
16, , ,0,209.723965472999990,1530.954838919999900,3,534008.970300000040000,3378675.417500000000000
17, , ,0,356.050159885000030,5235.916358399999800,4,533777.658700000030000,3378773.465200000000000
18, , ,0,356.050159885000030,5235.916358399999800,4,533782.738699999990000,3378787.646900000100000
19, , ,0,356.050159885000030,5235.916358399999800,4,533917.570599999980000,3378784.895200000100000
20, , ,0,356.050159885000030,5235.916358399999800,4,533919.475699999950000,3378733.248500000200000
21, , ,0,356.050159885000030,5235.916358399999800,4,533914.819000000020000,3378725.416799999800000
22, , ,0,356.050159885000030,5235.916358399999800,4,533777.658700000030000,3378773.465200000000000
23, , ,0,612.642048435999980,4543.175575489999600,5,533744.513000000040000,3378828.408199999900000
24, , ,0,612.642048435999980,4543.175575489999600,5,533754.461299999970000,3378828.408199999900000
25, , ,0,612.642048435999980,4543.175575489999600,5,533754.672999999950000,3378820.576599999800000
26, , ,0,612.642048435999980,4543.175575489999600,5,533907.496599999950000,3378815.919900000100000
27, , ,0,612.642048435999980,4543.175575489999600,5,533906.014899999950000,3378843.859900000000000
28, , ,0,612.642048435999980,4543.175575489999600,5,533842.938199999980000,3378845.764899999800000
29, , ,0,612.642048435999980,4543.175575489999600,5,533842.726499999990000,3378861.428299999800000
30, , ,0,612.642048435999980,4543.175575489999600,5,533918.079999999960000,3378859.946599999900000
31, , ,0,612.642048435999980,4543.175575489999600,5,533920.196600000020000,3378799.198200000000000
32, , ,0,612.642048435999980,4543.175575489999600,5,533745.783000000050000,3378803.854900000200000
33, , ,0,612.642048435999980,4543.175575489999600,5,533744.513000000040000,3378828.408199999900000
34, , ,0,1383.707127090000100,10950.515655300000000,6,534004.647400000020000,3378752.084600000200000
35, , ,0,1383.707127090000100,10950.515655300000000,6,534014.489900000040000,3378751.767099999800000
36, , ,0,1383.707127090000100,10950.515655300000000,6,534014.807400000050000,3378719.382100000000000
37, , ,0,1383.707127090000100,10950.515655300000000,6,533942.576000000000000,3378720.810800000100000
38, , ,0,1383.707127090000100,10950.515655300000000,6,533942.099799999970000,3378739.860799999900000
39, , ,0,1383.707127090000100,10950.515655300000000,6,533958.927299999980000,3378738.749600000200000
40, , ,0,1383.707127090000100,10950.515655300000000,6,533957.339799999960000,3378777.167200000000000
41, , ,0,1383.707127090000100,10950.515655300000000,6,533939.400999999950000,3378777.325900000100000
42, , ,0,1383.707127090000100,10950.515655300000000,6,533938.765999999950000,3378799.551000000000000
43, , ,0,1383.707127090000100,10950.515655300000000,6,533952.577300000000000,3378799.074700000200000
44, , ,0,1383.707127090000100,10950.515655300000000,6,533950.989799999980000,3378836.063500000200000
45, , ,0,1383.707127090000100,10950.515655300000000,6,533938.765999999950000,3378836.222300000000000
46, , ,0,1383.707127090000100,10950.515655300000000,6,533938.289800000030000,3378857.653599999800000
47, , ,0,1383.707127090000100,10950.515655300000000,6,534218.662699999990000,3378854.141200000000000
48, , ,0,1383.707127090000100,10950.515655300000000,6,534219.174200000010000,3378826.262900000000000
49, , ,0,1383.707127090000100,10950.515655300000000,6,534210.972100000010000,3378826.395200000100000
50, , ,0,1383.707127090000100,10950.515655300000000,6,534211.501300000000000,3378799.804500000100000
51, , ,0,1383.707127090000100,10950.515655300000000,6,534220.629399999980000,3378799.936799999800000
52, , ,0,1383.707127090000100,10950.515655300000000,6,534221.026300000030000,3378773.213800000000000
53, , ,0,1383.707127090000100,10950.515655300000000,6,534149.509300000030000,3378773.663600000100000
54, , ,0,1383.707127090000100,10950.515655300000000,6,534149.297600000050000,3378791.443700000200000
55, , ,0,1383.707127090000100,10950.515655300000000,6,534200.954999999960000,3378790.993900000100000
56, , ,0,1383.707127090000100,10950.515655300000000,6,534199.618800000050000,3378836.833000000100000
57, , ,0,1383.707127090000100,10950.515655300000000,6,534093.785299999990000,3378838.023699999800000
58, , ,0,1383.707127090000100,10950.515655300000000,6,534094.182099999980000,3378827.969500000100000
59, , ,0,1383.707127090000100,10950.515655300000000,6,534071.957100000000000,3378828.366299999900000
60, , ,0,1383.707127090000100,10950.515655300000000,6,534071.824799999940000,3378838.023699999800000
61, , ,0,1383.707127090000100,10950.515655300000000,6,533962.858600000040000,3378839.920700000100000
62, , ,0,1383.707127090000100,10950.515655300000000,6,533964.155000000030000,3378798.645599999900000
63, , ,0,1383.707127090000100,10950.515655300000000,6,534012.441600000020000,3378797.851900000100000
64, , ,0,1383.707127090000100,10950.515655300000000,6,534012.970800000010000,3378778.669600000100000
65, , ,0,1383.707127090000100,10950.515655300000000,6,533969.975899999960000,3378779.727899999800000
66, , ,0,1383.707127090000100,10950.515655300000000,6,533971.378200000040000,3378735.171999999800000
67, , ,0,1383.707127090000100,10950.515655300000000,6,534005.033300000010000,3378734.457599999800000
68, , ,0,1383.707127090000100,10950.515655300000000,6,534004.647400000020000,3378752.084600000200000
69, , ,0,255.429635056000000,3407.486886109999900,7,534223.078600000010000,3378883.069900000000000
70, , ,0,255.429635056000000,3407.486886109999900,7,534164.023500000010000,3378884.128300000000000
71, , ,0,255.429635056000000,3407.486886109999900,7,534163.494300000020000,3378900.850000000100000
72, , ,0,255.429635056000000,3407.486886109999900,7,534151.640900000000000,3378900.638300000200000
73, , ,0,255.429635056000000,3407.486886109999900,7,534151.746799999960000,3378917.889200000100000
74, , ,0,255.429635056000000,3407.486886109999900,7,534163.176800000020000,3378917.571700000200000
75, , ,0,255.429635056000000,3407.486886109999900,7,534163.071000000000000,3378934.610900000200000
76, , ,0,255.429635056000000,3407.486886109999900,7,534170.267600000020000,3378934.716700000200000
77, , ,0,255.429635056000000,3407.486886109999900,7,534170.479300000010000,3378940.749200000000000
78, , ,0,255.429635056000000,3407.486886109999900,7,534203.816899999980000,3378940.749200000000000
79, , ,0,255.429635056000000,3407.486886109999900,7,534204.240200000000000,3378933.870000000100000
80, , ,0,255.429635056000000,3407.486886109999900,7,534222.020200000030000,3378933.870000000100000
81, , ,0,255.429635056000000,3407.486886109999900,7,534223.078600000010000,3378883.069900000000000
82, , ,0,201.098212649999990,1695.520456929999900,8,534165.968200000000000,3378943.538400000000000
83, , ,0,201.098212649999990,1695.520456929999900,8,534164.909800000020000,3379012.462499999900000
84, , ,0,201.098212649999990,1695.520456929999900,8,534186.870299999950000,3379012.065599999900000
85, , ,0,201.098212649999990,1695.520456929999900,8,534187.134899999950000,3378985.607200000000000
86, , ,0,201.098212649999990,1695.520456929999900,8,534197.321299999950000,3378985.474899999800000
87, , ,0,201.098212649999990,1695.520456929999900,8,534197.321299999950000,3378969.467600000100000
88, , ,0,201.098212649999990,1695.520456929999900,8,534188.722399999970000,3378969.467600000100000
89, , ,0,201.098212649999990,1695.520456929999900,8,534188.854700000030000,3378943.406099999800000
90, , ,0,201.098212649999990,1695.520456929999900,8,534165.968200000000000,3378943.538400000000000
91, , ,0,189.982528406000000,1728.164342739999900,9,533971.319299999970000,3378886.093900000200000
92, , ,0,189.982528406000000,1728.164342739999900,9,533970.895999999950000,3378900.487300000200000
93, , ,0,189.982528406000000,1728.164342739999900,9,533977.034300000060000,3378900.698900000200000
94, , ,0,189.982528406000000,1728.164342739999900,9,533977.034300000060000,3378913.399000000200000
95, , ,0,189.982528406000000,1728.164342739999900,9,533982.961000000010000,3378913.399000000200000
96, , ,0,189.982528406000000,1728.164342739999900,9,533982.326000000000000,3378944.090700000100000
97, , ,0,189.982528406000000,1728.164342739999900,9,534002.645999999950000,3378943.879000000200000
98, , ,0,189.982528406000000,1728.164342739999900,9,534003.069400000040000,3378937.317400000100000
99, , ,0,189.982528406000000,1728.164342739999900,9,534008.361099999980000,3378937.317400000100000
100, , ,0,189.982528406000000,1728.164342739999900,9,534009.419400000010000,3378890.538900000000000
101, , ,0,189.982528406000000,1728.164342739999900,9,534008.784400000000000,3378887.363900000200000
102, , ,0,189.982528406000000,1728.164342739999900,9,534004.762699999960000,3378885.458900000000000
103, , ,0,189.982528406000000,1728.164342739999900,9,533971.319299999970000,3378886.093900000200000
104, , ,0,383.244787416000010,6053.547420640000400,10,533788.047400000040000,3378894.555300000100000
105, , ,0,383.244787416000010,6053.547420640000400,10,533788.047400000040000,3378885.294900000100000
106, , ,0,383.244787416000010,6053.547420640000400,10,533768.521100000010000,3378885.612400000000000
107, , ,0,383.244787416000010,6053.547420640000400,10,533764.393599999950000,3378977.489099999900000
108, , ,0,383.244787416000010,6053.547420640000400,10,533805.192400000060000,3378976.629199999900000
109, , ,0,383.244787416000010,6053.547420640000400,10,533805.351200000030000,3378964.087900000200000
110, , ,0,383.244787416000010,6053.547420640000400,10,533812.812400000050000,3378968.374200000000000
111, , ,0,383.244787416000010,6053.547420640000400,10,533822.654899999960000,3378969.326700000100000
112, , ,0,383.244787416000010,6053.547420640000400,10,533829.322500000010000,3378967.898000000000000
113, , ,0,383.244787416000010,6053.547420640000400,10,533838.371200000050000,3378964.405400000000000
114, , ,0,383.244787416000010,6053.547420640000400,10,533843.451200000010000,3378964.405400000000000
115, , ,0,383.244787416000010,6053.547420640000400,10,533847.261199999950000,3378962.341700000200000
116, , ,0,383.244787416000010,6053.547420640000400,10,533849.007499999950000,3378955.832899999800000
117, , ,0,383.244787416000010,6053.547420640000400,10,533849.166199999980000,3378944.561700000000000
118, , ,0,383.244787416000010,6053.547420640000400,10,533831.703699999950000,3378945.196700000200000
119, , ,0,383.244787416000010,6053.547420640000400,10,533832.497500000060000,3378921.384099999900000
120, , ,0,383.244787416000010,6053.547420640000400,10,533850.118699999990000,3378920.590400000100000
121, , ,0,383.244787416000010,6053.547420640000400,10,533850.912499999980000,3378904.397799999900000
122, , ,0,383.244787416000010,6053.547420640000400,10,533845.515000000010000,3378900.111599999900000
123, , ,0,383.244787416000010,6053.547420640000400,10,533838.688700000060000,3378896.936600000100000
124, , ,0,383.244787416000010,6053.547420640000400,10,533826.941200000000000,3378896.460299999900000
125, , ,0,383.244787416000010,6053.547420640000400,10,533814.082399999960000,3378899.794100000100000
126, , ,0,383.244787416000010,6053.547420640000400,10,533813.923700000040000,3378893.602800000000000
127, , ,0,383.244787416000010,6053.547420640000400,10,533788.047400000040000,3378894.555300000100000
128, , ,0,83.535785936099998,428.041953585999980,11,533717.485499999950000,3378913.418800000100000
129, , ,0,83.535785936099998,428.041953585999980,11,533715.051300000050000,3378936.490499999800000
130, , ,0,83.535785936099998,428.041953585999980,11,533733.572200000050000,3378936.596400000200000
131, , ,0,83.535785936099998,428.041953585999980,11,533735.900499999990000,3378913.313000000100000
132, , ,0,83.535785936099998,428.041953585999980,11,533717.485499999950000,3378913.418800000100000
133, , ,0,80.276220472199995,369.645647275999980,12,533714.041500000050000,3378958.032100000000000
134, , ,0,80.276220472199995,369.645647275999980,12,533739.904600000010000,3378958.230500000100000
135, , ,0,80.276220472199995,369.645647275999980,12,533740.565999999990000,3378944.009099999900000
136, , ,0,80.276220472199995,369.645647275999980,12,533714.835199999970000,3378943.612199999900000
137, , ,0,80.276220472199995,369.645647275999980,12,533714.041500000050000,3378958.032100000000000
138, , ,0,75.443612263500000,350.441230643999970,13,533723.262200000000000,3378991.391700000000000
139, , ,0,75.443612263500000,350.441230643999970,13,533722.203899999960000,3379008.391200000000000
140, , ,0,75.443612263500000,350.441230643999970,13,533742.907600000040000,3379007.465100000100000
141, , ,0,75.443612263500000,350.441230643999970,13,533743.899800000010000,3378990.465600000200000
142, , ,0,75.443612263500000,350.441230643999970,13,533723.262200000000000,3378991.391700000000000
143, , ,0,106.975327175000000,531.837977033000020,14,533723.434400000030000,3378958.218200000000000
144, , ,0,106.975327175000000,531.837977033000020,14,533721.506199999950000,3378975.892099999800000
145, , ,0,106.975327175000000,531.837977033000020,14,533710.426699999950000,3378988.029900000000000
146, , ,0,106.975327175000000,531.837977033000020,14,533710.459799999950000,3378989.352800000000000
147, , ,0,106.975327175000000,531.837977033000020,14,533717.074400000040000,3378995.636700000100000
148, , ,0,106.975327175000000,531.837977033000020,14,533737.342599999970000,3378976.522700000100000
149, , ,0,106.975327175000000,531.837977033000020,14,533739.530400000050000,3378958.293600000000000
150, , ,0,106.975327175000000,531.837977033000020,14,533723.434400000030000,3378958.218200000000000
151, , ,0,79.989146519200006,319.899511057999970,15,533716.932200000040000,3379010.386200000100000
152, , ,0,79.989146519200006,319.899511057999970,15,533709.912900000000000,3379038.463200000100000
153, , ,0,79.989146519200006,319.899511057999970,15,533720.636399999960000,3379041.143999999900000
154, , ,0,79.989146519200006,319.899511057999970,15,533727.655600000060000,3379013.066999999800000
155, , ,0,79.989146519200006,319.899511057999970,15,533716.932200000040000,3379010.386200000100000
156, , ,0,145.242719550000000,805.725181059999950,16,533704.746799999960000,3379001.079400000200000
157, , ,0,145.242719550000000,805.725181059999950,16,533679.240899999980000,3379055.372000000000000
158, , ,0,145.242719550000000,805.725181059999950,16,533697.073800000010000,3379059.023300000000000
159, , ,0,145.242719550000000,805.725181059999950,16,533713.848499999960000,3379004.042799999900000
160, , ,0,145.242719550000000,805.725181059999950,16,533704.746799999960000,3379001.079400000200000
161, , ,0,241.023498206000000,1334.268095319999900,17,533737.964700000010000,3379049.460200000100000
162, , ,0,241.023498206000000,1334.268095319999900,17,533701.452200000060000,3379050.386299999900000
163, , ,0,241.023498206000000,1334.268095319999900,17,533699.335500000040000,3379104.493700000000000
164, , ,0,241.023498206000000,1334.268095319999900,17,533735.583499999950000,3379103.699899999900000
165, , ,0,241.023498206000000,1334.268095319999900,17,533736.641799999980000,3379088.221799999900000
166, , ,0,241.023498206000000,1334.268095319999900,17,533706.479300000010000,3379088.089499999800000
167, , ,0,241.023498206000000,1334.268095319999900,17,533707.008400000050000,3379067.187299999900000
168, , ,0,241.023498206000000,1334.268095319999900,17,533737.567900000020000,3379066.393600000100000
169, , ,0,241.023498206000000,1334.268095319999900,17,533737.964700000010000,3379049.460200000100000
170, , ,0,120.381226263000000,574.702487861000010,18,533765.534400000000000,3378989.232100000100000
171, , ,0,120.381226263000000,574.702487861000010,18,533765.664800000030000,3379001.132600000100000
172, , ,0,120.381226263000000,574.702487861000010,18,533813.951299999960000,3379000.603500000200000
173, , ,0,120.381226263000000,574.702487861000010,18,533813.820900000050000,3378988.703000000200000
174, , ,0,120.381226263000000,574.702487861000010,18,533765.534400000000000,3378989.232100000100000
175, , ,0,115.624391479000000,610.022465545000050,19,533764.079200000040000,3379018.997800000000000
176, , ,0,115.624391479000000,610.022465545000050,19,533764.246500000010000,3379032.884899999900000
177, , ,0,115.624391479000000,610.022465545000050,19,533808.167400000030000,3379032.355700000200000
178, , ,0,115.624391479000000,610.022465545000050,19,533808.000099999950000,3379018.468599999800000
179, , ,0,115.624391479000000,610.022465545000050,19,533764.079200000040000,3379018.997800000000000
180, , ,0,116.042840141000000,622.945786946000000,20,533761.830199999970000,3379050.483300000000000
181, , ,0,116.042840141000000,622.945786946000000,20,533762.130899999990000,3379064.703100000000000
182, , ,0,116.042840141000000,622.945786946000000,20,533805.919499999960000,3379063.777100000100000
183, , ,0,116.042840141000000,622.945786946000000,20,533805.618800000050000,3379049.557200000200000
184, , ,0,116.042840141000000,622.945786946000000,20,533761.830199999970000,3379050.483300000000000
185, , ,0,111.371488951000000,539.305873907999970,21,533762.359399999960000,3379082.418600000000000
186, , ,0,111.371488951000000,539.305873907999970,21,533762.598800000040000,3379094.899499999800000
187, , ,0,111.371488951000000,539.305873907999970,21,533805.793399999970000,3379094.070799999900000
188, , ,0,111.371488951000000,539.305873907999970,21,533805.554000000000000,3379081.589900000000000
189, , ,0,111.371488951000000,539.305873907999970,21,533762.359399999960000,3379082.418600000000000
190, , ,6,144.768754201000010,806.128305191999970,22,533853.670300000000000,3378987.023300000000000
191, , ,6,144.768754201000010,806.128305191999970,22,533853.844000000040000,3379000.770099999800000
192, , ,6,144.768754201000010,806.128305191999970,22,533912.475800000010000,3379000.029300000100000
193, , ,6,144.768754201000010,806.128305191999970,22,533912.302099999970000,3378986.282500000200000
194, , ,6,144.768754201000010,806.128305191999970,22,533853.670300000000000,3378987.023300000000000
195, , ,2,202.684976272999990,2539.726081820000200,23,533854.857399999980000,3379031.529800000100000
196, , ,2,202.684976272999990,2539.726081820000200,23,533855.107500000040000,3379076.923200000100000
197, , ,2,202.684976272999990,2539.726081820000200,23,533911.055100000000000,3379076.614899999900000
198, , ,2,202.684976272999990,2539.726081820000200,23,533910.805000000050000,3379031.221599999800000
199, , ,2,202.684976272999990,2539.726081820000200,23,533854.857399999980000,3379031.529800000100000
200, , ,6,145.520800001999990,787.545520848000020,24,533940.648799999970000,3378986.590299999800000
201, , ,6,145.520800001999990,787.545520848000020,24,533940.648799999970000,3378999.819399999900000
202, , ,6,145.520800001999990,787.545520848000020,24,534000.180100000000000,3378999.819399999900000
203, , ,6,145.520800001999990,787.545520848000020,24,534000.180100000000000,3378986.590299999800000
204, , ,6,145.520800001999990,787.545520848000020,24,533940.648799999970000,3378986.590299999800000
205, , ,7,154.504198591000010,937.288509076999960,25,533937.473800000040000,3379014.371600000200000
206, , ,7,154.504198591000010,937.288509076999960,25,533937.537900000000000,3379029.445799999900000
207, , ,7,154.504198591000010,937.288509076999960,25,533999.715100000030000,3379029.181200000000000
208, , ,7,154.504198591000010,937.288509076999960,25,533999.650999999950000,3379014.106999999800000
209, , ,7,154.504198591000010,937.288509076999960,25,533937.473800000040000,3379014.371600000200000
210, , ,7,166.886756999999990,1169.697539830000100,26,533935.092500000030000,3379046.121600000200000
211, , ,7,166.886756999999990,1169.697539830000100,26,533935.164400000010000,3379063.947499999800000
212, , ,7,166.886756999999990,1169.697539830000100,26,534000.781199999970000,3379063.682899999900000
213, , ,7,166.886756999999990,1169.697539830000100,26,534000.709299999990000,3379045.856999999800000
214, , ,7,166.886756999999990,1169.697539830000100,26,533935.092500000030000,3379046.121600000200000
215, , ,7,165.170748733000010,1128.870078210000000,27,533933.434400000030000,3379083.022299999800000
216, , ,7,165.170748733000010,1128.870078210000000,27,533933.489799999980000,3379100.310399999800000
217, , ,7,165.170748733000010,1128.870078210000000,27,533998.786700000060000,3379100.101100000100000
218, , ,7,165.170748733000010,1128.870078210000000,27,533998.731200000040000,3379082.813000000100000
219, , ,7,165.170748733000010,1128.870078210000000,27,533933.434400000030000,3379083.022299999800000
220, , ,6,148.272799999999990,873.016948788000040,28,533937.575199999960000,3379116.973700000000000
221, , ,6,148.272799999999990,873.016948788000040,28,533937.575199999960000,3379131.658100000100000
222, , ,6,148.272799999999990,873.016948788000040,28,533997.027200000010000,3379131.658100000100000
223, , ,6,148.272799999999990,873.016948788000040,28,533997.027200000010000,3379116.973700000000000
224, , ,6,148.272799999999990,873.016948788000040,28,533937.575199999960000,3379116.973700000000000
225, , ,0,83.608600001799999,282.259457945000010,29,534189.004800000000000,3379088.372099999800000
226, , ,0,83.608600001799999,282.259457945000010,29,534189.004800000000000,3379096.838800000000000
227, , ,0,83.608600001799999,282.259457945000010,29,534222.342399999960000,3379096.838800000000000
228, , ,0,83.608600001799999,282.259457945000010,29,534222.342399999960000,3379088.372099999800000
229, , ,0,83.608600001799999,282.259457945000010,29,534189.004800000000000,3379088.372099999800000
230, , ,0,128.135838210000000,414.171887066000010,30,534226.737100000030000,3379154.883200000000000
231, , ,0,128.135838210000000,414.171887066000010,30,534176.016399999960000,3379154.168899999900000
232, , ,0,128.135838210000000,414.171887066000010,30,534175.937000000030000,3379167.186400000000000
233, , ,0,128.135838210000000,414.171887066000010,30,534186.890800000050000,3379167.583300000100000
234, , ,0,128.135838210000000,414.171887066000010,30,534186.970199999980000,3379160.915699999800000
235, , ,0,128.135838210000000,414.171887066000010,30,534226.737100000030000,3379161.868199999900000
236, , ,0,128.135838210000000,414.171887066000010,30,534226.737100000030000,3379154.883200000000000
237, , ,2,162.073823092000000,776.455373713999960,31,533941.356999999960000,3379149.071200000100000
238, , ,2,162.073823092000000,776.455373713999960,31,533940.827799999970000,3379172.619200000100000
239, , ,2,162.073823092000000,776.455373713999960,31,533947.839299999990000,3379172.619200000100000
240, , ,2,162.073823092000000,776.455373713999960,31,533948.236099999980000,3379162.829599999800000
241, , ,2,162.073823092000000,776.455373713999960,31,533978.134100000020000,3379163.094099999900000
242, , ,2,162.073823092000000,776.455373713999960,31,533978.134100000020000,3379172.222300000000000
243, , ,2,162.073823092000000,776.455373713999960,31,533989.643500000010000,3379172.089999999900000
244, , ,2,162.073823092000000,776.455373713999960,31,533989.643500000010000,3379159.786900000200000
245, , ,2,162.073823092000000,776.455373713999960,31,533983.293500000030000,3379159.786900000200000
246, , ,2,162.073823092000000,776.455373713999960,31,533983.293500000030000,3379149.203499999800000
247, , ,2,162.073823092000000,776.455373713999960,31,533941.356999999960000,3379149.071200000100000
248, , ,1,97.106554866899998,282.784457374999990,32,533829.179800000040000,3379116.690500000000000
249, , ,1,97.106554866899998,282.784457374999990,32,533829.047499999990000,3379131.375000000000000
250, , ,1,97.106554866899998,282.784457374999990,32,533863.046500000050000,3379130.978099999900000
251, , ,1,97.106554866899998,282.784457374999990,32,533863.046500000050000,3379123.966599999900000
252, , ,1,97.106554866899998,282.784457374999990,32,533834.868299999970000,3379124.231199999800000
253, , ,1,97.106554866899998,282.784457374999990,32,533834.868299999970000,3379116.690500000000000
254, , ,1,97.106554866899998,282.784457374999990,32,533829.179800000040000,3379116.690500000000000
255, , ,1,46.831600002899997,121.844635670000000,33,533835.529800000020000,3379084.014400000200000
256, , ,1,46.831600002899997,121.844635670000000,33,533835.529800000020000,3379091.819699999900000
257, , ,1,46.831600002899997,121.844635670000000,33,533851.140299999970000,3379091.819699999900000
258, , ,1,46.831600002899997,121.844635670000000,33,533851.140299999970000,3379084.014400000200000
259, , ,1,46.831600002899997,121.844635670000000,33,533835.529800000020000,3379084.014400000200000
260, , ,1,54.599067084600001,175.630746246000000,34,533832.619399999970000,3379099.095699999900000
261, , ,1,54.599067084600001,175.630746246000000,34,533832.771599999980000,3379109.475500000200000
262, , ,1,54.599067084600001,175.630746246000000,34,533849.688399999980000,3379109.227500000000000
263, , ,1,54.599067084600001,175.630746246000000,34,533849.536199999970000,3379098.847699999800000
264, , ,1,54.599067084600001,175.630746246000000,34,533832.619399999970000,3379099.095699999900000
265, , ,1,97.782527789900001,514.753609869999990,35,533862.434699999980000,3379087.205999999800000
266, , ,1,97.782527789900001,514.753609869999990,35,533861.574799999940000,3379120.742000000100000
267, , ,1,97.782527789900001,514.753609869999990,35,533876.913999999990000,3379121.135300000200000
268, , ,1,97.782527789900001,514.753609869999990,35,533877.773900000030000,3379087.599299999900000
269, , ,1,97.782527789900001,514.753609869999990,35,533862.434699999980000,3379087.205999999800000
270, , ,0,254.478686450999990,3176.563317109999800,36,534220.907000000010000,3379238.423599999900000
271, , ,0,254.478686450999990,3176.563317109999800,36,534220.774699999950000,3379217.653800000000000
272, , ,0,254.478686450999990,3176.563317109999800,36,534196.697599999960000,3379216.859999999900000
273, , ,0,254.478686450999990,3176.563317109999800,36,534196.697599999960000,3379222.945400000100000
274, , ,0,254.478686450999990,3176.563317109999800,36,534182.145499999980000,3379222.151699999800000
275, , ,0,254.478686450999990,3176.563317109999800,36,534182.277800000040000,3379297.028899999800000
276, , ,0,254.478686450999990,3176.563317109999800,36,534189.553799999990000,3379297.558100000000000
277, , ,0,254.478686450999990,3176.563317109999800,36,534189.686100000050000,3379305.892500000100000
278, , ,0,254.478686450999990,3176.563317109999800,36,534209.265299999970000,3379306.421699999800000
279, , ,0,254.478686450999990,3176.563317109999800,36,534209.529899999960000,3379297.955000000100000
280, , ,0,254.478686450999990,3176.563317109999800,36,534219.981000000030000,3379298.351799999800000
281, , ,0,254.478686450999990,3176.563317109999800,36,534220.907000000010000,3379238.423599999900000
282, , ,0,139.281547182999990,707.863625329999990,37,534146.897600000030000,3379250.647400000100000
283, , ,0,139.281547182999990,707.863625329999990,37,534159.809299999960000,3379250.859000000200000
284, , ,0,139.281547182999990,707.863625329999990,37,534160.020999999950000,3379225.035699999900000
285, , ,0,139.281547182999990,707.863625329999990,37,534116.205899999940000,3379224.612300000200000
286, , ,0,139.281547182999990,707.863625329999990,37,534116.205899999940000,3379236.889000000000000
287, , ,0,139.281547182999990,707.863625329999990,37,534146.897600000030000,3379236.889000000000000
288, , ,0,139.281547182999990,707.863625329999990,37,534146.897600000030000,3379250.647400000100000
289, , ,0,94.640371687599995,424.975287944999990,38,534124.496200000050000,3379269.455800000100000
290, , ,0,94.640371687599995,424.975287944999990,38,534124.008099999980000,3379281.494599999900000
291, , ,0,94.640371687599995,424.975287944999990,38,534159.250699999980000,3379282.923299999900000
292, , ,0,94.640371687599995,424.975287944999990,38,534159.738699999990000,3379270.884500000200000
293, , ,0,94.640371687599995,424.975287944999990,38,534124.496200000050000,3379269.455800000100000
294, , ,0,95.914830214700004,421.698221948000030,39,534123.226200000030000,3379297.395800000100000
295, , ,0,95.914830214700004,421.698221948000030,39,534123.023599999960000,3379308.992099999900000
296, , ,0,95.914830214700004,421.698221948000030,39,534159.377400000000000,3379309.627100000200000
297, , ,0,95.914830214700004,421.698221948000030,39,534159.579999999960000,3379298.030799999800000
298, , ,0,95.914830214700004,421.698221948000030,39,534123.226200000030000,3379297.395800000100000
299, , ,0,91.428128364900004,269.960485864000020,40,534076.077300000000000,3379320.097099999900000
300, , ,0,91.428128364900004,269.960485864000020,40,534075.906100000020000,3379327.062299999900000
301, , ,0,91.428128364900004,269.960485864000020,40,534114.641100000010000,3379328.014800000000000
302, , ,0,91.428128364900004,269.960485864000020,40,534114.812400000050000,3379321.049600000000000
303, , ,0,91.428128364900004,269.960485864000020,40,534076.077300000000000,3379320.097099999900000
304, , ,0,58.738815178099998,181.954820203000000,41,534080.522299999950000,3379268.185800000100000
305, , ,0,58.738815178099998,181.954820203000000,41,534080.247100000040000,3379277.062299999900000
306, , ,0,58.738815178099998,181.954820203000000,41,534100.725899999960000,3379277.697300000100000
307, , ,0,58.738815178099998,181.954820203000000,41,534101.001099999990000,3379268.820799999900000
308, , ,0,58.738815178099998,181.954820203000000,41,534080.522299999950000,3379268.185800000100000
309, , ,0,41.909800000499999,109.550144442000000,42,534050.042299999970000,3379271.043300000000000
310, , ,0,41.909800000499999,109.550144442000000,42,534050.042299999970000,3379281.997000000000000
311, , ,0,41.909800000499999,109.550144442000000,42,534060.043500000030000,3379281.997000000000000
312, , ,0,41.909800000499999,109.550144442000000,42,534060.043500000030000,3379271.043300000000000
313, , ,0,41.909800000499999,109.550144442000000,42,534050.042299999970000,3379271.043300000000000
314, , ,0,144.760118121000000,664.040755088999960,43,534045.121000000040000,3379238.499400000100000
315, , ,0,144.760118121000000,664.040755088999960,43,534044.982100000020000,3379249.278400000200000
316, , ,0,144.760118121000000,664.040755088999960,43,534106.577200000060000,3379250.072100000000000
317, , ,0,144.760118121000000,664.040755088999960,43,534106.716099999960000,3379239.293200000200000
318, , ,0,144.760118121000000,664.040755088999960,43,534045.121000000040000,3379238.499400000100000
319, , ,0,91.276656752799994,426.204825804000000,44,534045.008599999940000,3379214.819199999800000
320, , ,0,91.276656752799994,426.204825804000000,44,534045.140900000000000,3379227.916100000000000
321, , ,0,91.276656752799994,426.204825804000000,44,534077.680000000050000,3379227.587400000100000
322, , ,0,91.276656752799994,426.204825804000000,44,534077.547700000000000,3379214.490499999800000
323, , ,0,91.276656752799994,426.204825804000000,44,534045.008599999940000,3379214.819199999800000
324, , ,0,74.881544016299998,320.306993068999990,45,534084.960700000050000,3379214.951500000000000
325, , ,0,74.881544016299998,320.306993068999990,45,534084.828400000000000,3379228.180699999900000
326, , ,0,74.881544016299998,320.306993068999990,45,534109.038100000010000,3379228.422799999800000
327, , ,0,74.881544016299998,320.306993068999990,45,534109.170399999940000,3379215.193599999900000
328, , ,0,74.881544016299998,320.306993068999990,45,534084.960700000050000,3379214.951500000000000
329, , ,4,198.323753025999990,1360.409940190000000,46,533983.360499999950000,3379222.624400000100000
330, , ,4,198.323753025999990,1360.409940190000000,46,533982.963699999960000,3379248.289100000200000
331, , ,4,198.323753025999990,1360.409940190000000,46,533998.574099999970000,3379248.421300000000000
332, , ,4,198.323753025999990,1360.409940190000000,46,533998.838699999960000,3379236.647400000100000
333, , ,4,198.323753025999990,1360.409940190000000,46,534015.110600000010000,3379236.515100000000000
334, , ,4,198.323753025999990,1360.409940190000000,46,534014.846000000020000,3379256.094300000000000
335, , ,4,198.323753025999990,1360.409940190000000,46,534036.806499999950000,3379256.491200000000000
336, , ,4,198.323753025999990,1360.409940190000000,46,534037.335599999990000,3379223.021300000100000
337, , ,4,198.323753025999990,1360.409940190000000,46,533983.360499999950000,3379222.624400000100000
338, , ,3,128.900353886999990,599.043139849999990,47,533910.363999999940000,3379218.843100000200000
339, , ,3,128.900353886999990,599.043139849999990,47,533910.196000000000000,3379230.104700000000000
340, , ,3,128.900353886999990,599.043139849999990,47,533963.377300000050000,3379230.898500000100000
341, , ,3,128.900353886999990,599.043139849999990,47,533963.545399999940000,3379219.636800000000000
342, , ,3,128.900353886999990,599.043139849999990,47,533910.363999999940000,3379218.843100000200000
343, , ,3,53.975200001200001,159.401232196000000,48,533882.424000000000000,3379229.003099999900000
344, , ,3,53.975200001200001,159.401232196000000,48,533900.680300000010000,3379229.003099999900000
345, , ,3,53.975200001200001,159.401232196000000,48,533900.680300000010000,3379220.271800000200000
346, , ,3,53.975200001200001,159.401232196000000,48,533882.424000000000000,3379220.271800000200000
347, , ,3,53.975200001200001,159.401232196000000,48,533882.424000000000000,3379229.003099999900000
348, , ,2,50.382875460400001,149.270810318000000,49,533858.876000000050000,3379214.292200000000000
349, , ,2,50.382875460400001,149.270810318000000,49,533855.213899999970000,3379223.093599999800000
350, , ,2,50.382875460400001,149.270810318000000,49,533869.670999999970000,3379229.108899999900000
351, , ,2,50.382875460400001,149.270810318000000,49,533873.333100000050000,3379220.307599999900000
352, , ,2,50.382875460400001,149.270810318000000,49,533858.876000000050000,3379214.292200000000000
353, , ,2,61.116665724100002,230.251110387000010,50,533835.963100000050000,3379219.266400000100000
354, , ,2,61.116665724100002,230.251110387000010,50,533847.647699999970000,3379226.007600000100000
355, , ,2,61.116665724100002,230.251110387000010,50,533856.177299999980000,3379211.223100000100000
356, , ,2,61.116665724100002,230.251110387000010,50,533844.492600000000000,3379204.481900000000000
357, , ,2,61.116665724100002,230.251110387000010,50,533835.963100000050000,3379219.266400000100000
358, , ,2,53.871664805199998,179.983261432000010,51,533833.962100000000000,3379203.108599999900000
359, , ,2,53.871664805199998,179.983261432000010,51,533822.515800000050000,3379198.649799999800000
360, , ,2,53.871664805199998,179.983261432000010,51,533817.197700000020000,3379212.302399999900000
361, , ,2,53.871664805199998,179.983261432000010,51,533828.643999999970000,3379216.761099999800000
362, , ,2,53.871664805199998,179.983261432000010,51,533833.962100000000000,3379203.108599999900000
363, , ,2,57.351578030900001,204.771277650000000,52,533794.142299999950000,3379197.261299999900000
364, , ,2,57.351578030900001,204.771277650000000,52,533794.262200000000000,3379212.495399999900000
365, , ,2,57.351578030900001,204.771277650000000,52,533807.703100000040000,3379212.389500000000000
366, , ,2,57.351578030900001,204.771277650000000,52,533807.583100000050000,3379197.155499999900000
367, , ,2,57.351578030900001,204.771277650000000,52,533794.142299999950000,3379197.261299999900000
368, , ,2,169.775088813000000,1712.679106269999900,53,533986.157400000030000,3379268.491700000100000
369, , ,2,169.775088813000000,1712.679106269999900,53,533985.945700000040000,3379301.511700000100000
370, , ,2,169.775088813000000,1712.679106269999900,53,534037.811499999950000,3379301.844200000200000
371, , ,2,169.775088813000000,1712.679106269999900,53,534038.023200000050000,3379268.824200000100000
372, , ,2,169.775088813000000,1712.679106269999900,53,533986.157400000030000,3379268.491700000100000
373, , ,0,116.074088678000000,675.538503955000010,54,533983.829099999970000,3379339.823499999900000
374, , ,0,116.074088678000000,675.538503955000010,54,533983.422299999980000,3379355.932000000000000
375, , ,0,116.074088678000000,675.538503955000010,54,534025.332399999960000,3379356.990300000200000
376, , ,0,116.074088678000000,675.538503955000010,54,534025.739100000010000,3379340.881800000100000
377, , ,0,116.074088678000000,675.538503955000010,54,533983.829099999970000,3379339.823499999900000
378, , ,0,96.956165167199998,364.875570388000030,55,534033.147499999960000,3379335.801800000000000
379, , ,0,96.956165167199998,364.875570388000030,55,534033.046800000010000,3379345.118700000000000
380, , ,0,96.956165167199998,364.875570388000030,55,534072.205199999970000,3379345.541999999900000
381, , ,0,96.956165167199998,364.875570388000030,55,534072.305900000040000,3379336.225200000200000
382, , ,0,96.956165167199998,364.875570388000030,55,534033.147499999960000,3379335.801800000000000
383, , ,0,78.223788217399999,366.210381875999990,56,534210.736200000040000,3379314.344099999900000
384, , ,0,78.223788217399999,366.210381875999990,56,534216.397899999980000,3379328.803100000100000
385, , ,0,78.223788217399999,366.210381875999990,56,534238.358299999960000,3379320.204100000200000
386, , ,0,78.223788217399999,366.210381875999990,56,534232.696600000020000,3379305.745099999900000
387, , ,0,78.223788217399999,366.210381875999990,56,534210.736200000040000,3379314.344099999900000
388, , ,0,50.486001864899997,125.705338079000000,57,534186.447399999950000,3379327.335099999800000
389, , ,0,50.486001864899997,125.705338079000000,57,534204.862399999980000,3379327.652600000100000
390, , ,0,50.486001864899997,125.705338079000000,57,534204.980100000040000,3379320.828400000000000
391, , ,0,50.486001864899997,125.705338079000000,57,534186.564999999940000,3379320.510900000100000
392, , ,0,50.486001864899997,125.705338079000000,57,534186.447399999950000,3379327.335099999800000
393, , ,0,50.056878556599997,123.156275553000000,58,534155.914400000010000,3379338.606399999900000
394, , ,0,50.056878556599997,123.156275553000000,58,534174.209299999990000,3379338.933100000000000
395, , ,0,50.056878556599997,123.156275553000000,58,534174.329400000050000,3379332.203499999800000
396, , ,0,50.056878556599997,123.156275553000000,58,534156.034600000010000,3379331.876800000200000
397, , ,0,50.056878556599997,123.156275553000000,58,534155.914400000010000,3379338.606399999900000
398, , ,0,50.058408247400003,121.785617906000000,59,534126.704299999980000,3379350.089300000100000
399, , ,0,50.058408247400003,121.785617906000000,59,534145.119399999970000,3379350.301000000000000
400, , ,0,50.058408247400003,121.785617906000000,59,534145.195399999970000,3379343.688500000200000
401, , ,0,50.058408247400003,121.785617906000000,59,534126.780400000050000,3379343.476799999800000
402, , ,0,50.058408247400003,121.785617906000000,59,534126.704299999980000,3379350.089300000100000
403, , ,0,91.033790903200000,311.782785894000030,60,534074.369700000040000,3379361.043099999900000
404, , ,0,91.033790903200000,311.782785894000030,60,534111.476000000020000,3379361.926599999900000
405, , ,0,91.033790903200000,311.782785894000030,60,534111.675999999980000,3379353.528899999800000
406, , ,0,91.033790903200000,311.782785894000030,60,534074.569600000050000,3379352.645500000100000
407, , ,0,91.033790903200000,311.782785894000030,60,534074.369700000040000,3379361.043099999900000
408, , ,0,90.412467735800007,314.742541968000010,61,534035.714000000040000,3379367.790000000000000
409, , ,0,90.412467735800007,314.742541968000010,61,534035.452999999980000,3379376.383500000000000
410, , ,0,90.412467735800007,314.742541968000010,61,534072.044899999980000,3379377.494800000000000
411, , ,0,90.412467735800007,314.742541968000010,61,534072.305900000040000,3379368.901300000000000
412, , ,0,90.412467735800007,314.742541968000010,61,534035.714000000040000,3379367.790000000000000
413, , ,0,138.464850020000000,519.678367414000040,62,533968.234500000020000,3379382.955999999800000
414, , ,0,138.464850020000000,519.678367414000040,62,533967.995400000010000,3379391.518800000200000
415, , ,0,138.464850020000000,519.678367414000040,62,534028.638000000040000,3379393.212200000000000
416, , ,0,138.464850020000000,519.678367414000040,62,534028.877100000040000,3379384.649300000200000
417, , ,0,138.464850020000000,519.678367414000040,62,533968.234500000020000,3379382.955999999800000
418, , ,3,141.504983124000010,746.999545794000030,63,533909.920200000050000,3379249.009300000000000
419, , ,3,141.504983124000010,746.999545794000030,63,533909.602700000050000,3379259.963000000000000
420, , ,3,141.504983124000010,746.999545794000030,63,533964.212799999980000,3379261.074300000000000
421, , ,3,141.504983124000010,746.999545794000030,63,533963.260299999970000,3379243.929300000000000
422, , ,3,141.504983124000010,746.999545794000030,63,533937.383999999960000,3379243.929300000000000
423, , ,3,141.504983124000010,746.999545794000030,63,533937.066499999960000,3379249.644299999800000
424, , ,3,141.504983124000010,746.999545794000030,63,533909.920200000050000,3379249.009300000000000
425, , ,7,136.332801305999990,794.704371660999980,64,533910.777499999970000,3379282.876000000200000
426, , ,7,136.332801305999990,794.704371660999980,64,533910.569699999990000,3379297.801500000100000
427, , ,7,136.332801305999990,794.704371660999980,64,533963.804000000000000,3379298.542400000200000
428, , ,7,136.332801305999990,794.704371660999980,64,533964.011700000030000,3379283.616800000000000
429, , ,7,136.332801305999990,794.704371660999980,64,533910.777499999970000,3379282.876000000200000
430, , ,0,146.118980295999990,891.177392984999980,65,533905.856200000040000,3379316.822100000000000
431, , ,0,146.118980295999990,891.177392984999980,65,533905.571800000030000,3379332.295800000000000
432, , ,0,146.118980295999990,891.177392984999980,65,533963.145200000030000,3379333.354199999900000
433, , ,0,146.118980295999990,891.177392984999980,65,533963.429600000030000,3379317.880400000100000
434, , ,0,146.118980295999990,891.177392984999980,65,533905.856200000040000,3379316.822100000000000
435, , ,0,121.084051293000000,657.574153112999970,66,533906.067900000020000,3379351.323799999900000
436, , ,0,121.084051293000000,657.574153112999970,66,533905.938300000040000,3379365.508200000000000
437, , ,0,121.084051293000000,657.574153112999970,66,533952.293399999970000,3379365.931599999800000
438, , ,0,121.084051293000000,657.574153112999970,66,533952.422999999950000,3379351.747200000100000
439, , ,0,121.084051293000000,657.574153112999970,66,533906.067900000020000,3379351.323799999900000
440, , ,0,109.884087231000000,393.670687864999990,67,533915.071699999970000,3379402.964000000200000
441, , ,0,109.884087231000000,393.670687864999990,67,533914.898000000040000,3379411.433600000100000
442, , ,0,109.884087231000000,393.670687864999990,67,533961.358899999990000,3379412.386099999800000
443, , ,0,109.884087231000000,393.670687864999990,67,533961.532600000040000,3379403.916499999800000
444, , ,0,109.884087231000000,393.670687864999990,67,533915.071699999970000,3379402.964000000200000
445, , ,0,116.184990848000000,522.410803328000040,68,533846.028500000010000,3379358.324300000000000
446, , ,0,116.184990848000000,522.410803328000040,68,533845.840500000050000,3379369.444800000200000
447, , ,0,116.184990848000000,522.410803328000040,68,533892.804200000010000,3379370.238599999800000
448, , ,0,116.184990848000000,522.410803328000040,68,533892.992100000030000,3379359.117999999800000
449, , ,0,116.184990848000000,522.410803328000040,68,533846.028500000010000,3379358.324300000000000
450, , ,0,126.225203255000000,728.924688922999960,70,533846.954499999990000,3379385.179599999900000
451, , ,0,126.225203255000000,728.924688922999960,70,533846.786399999980000,3379400.398600000000000
452, , ,0,126.225203255000000,728.924688922999960,70,533894.676100000040000,3379400.927800000200000
453, , ,0,126.225203255000000,728.924688922999960,70,533894.844200000050000,3379385.708699999800000
454, , ,0,126.225203255000000,728.924688922999960,70,533846.954499999990000,3379385.179599999900000
455, , ,0,110.333507467999990,565.776896362999990,71,533861.638900000020000,3379412.034800000000000
456, , ,0,110.333507467999990,565.776896362999990,71,533861.335500000040000,3379425.648200000200000
457, , ,0,110.333507467999990,565.776896362999990,71,533902.875099999950000,3379426.574300000000000
458, , ,0,110.333507467999990,565.776896362999990,71,533903.178599999980000,3379412.960899999800000
459, , ,0,110.333507467999990,565.776896362999990,71,533861.638900000020000,3379412.034800000000000
460, , ,0,114.327696312000000,522.940573172999960,72,533804.303599999980000,3379414.257300000200000
461, , ,0,114.327696312000000,522.940573172999960,72,533804.091900000000000,3379425.691300000100000
462, , ,0,114.327696312000000,522.940573172999960,72,533849.812000000030000,3379426.537899999900000
463, , ,0,114.327696312000000,522.940573172999960,72,533850.023700000020000,3379415.103999999800000
464, , ,0,114.327696312000000,522.940573172999960,72,533804.303599999980000,3379414.257300000200000
465, , ,0,111.770731588999990,486.917459372999990,73,533804.091999999950000,3379440.080699999800000
466, , ,0,111.770731588999990,486.917459372999990,73,533804.041300000040000,3379450.880500000000000
467, , ,0,111.770731588999990,486.917459372999990,73,533849.126300000000000,3379451.092100000000000
468, , ,0,111.770731588999990,486.917459372999990,73,533849.177000000030000,3379440.292400000200000
469, , ,0,111.770731588999990,486.917459372999990,73,533804.091999999950000,3379440.080699999800000
470, , ,0,113.444274772000000,538.620018749999990,74,533741.438500000050000,3379437.540699999800000
471, , ,0,113.444274772000000,538.620018749999990,74,533741.381300000010000,3379449.600399999900000
472, , ,0,113.444274772000000,538.620018749999990,74,533786.043100000010000,3379449.812100000200000
473, , ,0,113.444274772000000,538.620018749999990,74,533786.100300000050000,3379437.752400000100000
474, , ,0,113.444274772000000,538.620018749999990,74,533741.438500000050000,3379437.540699999800000
475, , ,0,131.371914315999990,557.448618606999960,75,533740.609500000020000,3379411.847800000100000
476, , ,0,131.371914315999990,557.448618606999960,75,533740.609500000020000,3379422.828100000000000
477, , ,0,131.371914315999990,557.448618606999960,75,533782.016799999980000,3379422.695799999900000
478, , ,0,131.371914315999990,557.448618606999960,75,533782.016799999980000,3379429.575000000200000
479, , ,0,131.371914315999990,557.448618606999960,75,533788.895999999950000,3379429.442700000000000
480, , ,0,131.371914315999990,557.448618606999960,75,533788.895999999950000,3379412.509300000000000
481, , ,0,131.371914315999990,557.448618606999960,75,533740.609500000020000,3379411.847800000100000
482, , ,0,115.887599999000000,591.538386311999940,76,533727.512600000020000,3379385.654000000100000
483, , ,0,115.887599999000000,591.538386311999940,76,533727.512600000020000,3379398.883200000000000
484, , ,0,115.887599999000000,591.538386311999940,76,533772.227199999960000,3379398.883200000000000
485, , ,0,115.887599999000000,591.538386311999940,76,533772.227199999960000,3379385.654000000100000
486, , ,0,115.887599999000000,591.538386311999940,76,533727.512600000020000,3379385.654000000100000
487, , ,0,121.708600000999990,661.035100358000020,77,533787.308500000040000,3379385.389500000000000
488, , ,0,121.708600000999990,661.035100358000020,77,533787.308500000040000,3379399.544700000000000
489, , ,0,121.708600000999990,661.035100358000020,77,533834.007600000010000,3379399.544700000000000
490, , ,0,121.708600000999990,661.035100358000020,77,533834.007600000010000,3379385.389500000000000
491, , ,0,121.708600000999990,661.035100358000020,77,533787.308500000040000,3379385.389500000000000
492, , ,0,113.246153685000000,521.495074974999970,78,533785.571099999940000,3379356.512800000100000
493, , ,0,113.246153685000000,521.495074974999970,78,533785.503099999970000,3379368.089499999800000
494, , ,0,113.246153685000000,521.495074974999970,78,533830.548500000030000,3379368.354100000100000
495, , ,0,113.246153685000000,521.495074974999970,78,533830.616500000000000,3379356.777400000000000
496, , ,0,113.246153685000000,521.495074974999970,78,533785.571099999940000,3379356.512800000100000
497, , ,0,155.099118116999990,1049.252669649999900,79,533716.852500000040000,3379345.486200000200000
498, , ,0,155.099118116999990,1049.252669649999900,79,533716.783300000010000,3379362.948200000000000
499, , ,0,155.099118116999990,1049.252669649999900,79,533776.870299999950000,3379363.186300000200000
500, , ,0,155.099118116999990,1049.252669649999900,79,533776.939499999980000,3379345.724400000200000
501, , ,0,155.099118116999990,1049.252669649999900,79,533716.852500000040000,3379345.486200000200000
502, , ,0,157.960157130999990,904.203232372000000,80,533790.274100000040000,3379324.380400000100000
503, , ,0,157.960157130999990,904.203232372000000,80,533790.223200000010000,3379338.272299999800000
504, , ,0,157.960157130999990,904.203232372000000,80,533855.310900000040000,3379338.510400000000000
505, , ,0,157.960157130999990,904.203232372000000,80,533855.361700000010000,3379324.618499999900000
506, , ,0,157.960157130999990,904.203232372000000,80,533790.274100000040000,3379324.380400000100000
507, , ,6,137.795399999000010,872.471419180999990,81,533793.993400000040000,3379288.328900000100000
508, , ,6,137.795399999000010,872.471419180999990,81,533793.993400000040000,3379305.050600000200000
509, , ,6,137.795399999000010,872.471419180999990,81,533846.169400000010000,3379305.050600000200000
510, , ,6,137.795399999000010,872.471419180999990,81,533846.169400000010000,3379288.328900000100000
511, , ,6,137.795399999000010,872.471419180999990,81,533793.993400000040000,3379288.328900000100000
512, , ,6,117.475000003000010,622.950349208000030,82,533856.360299999940000,3379281.714300000100000
513, , ,6,117.475000003000010,622.950349208000030,82,533856.360299999940000,3379295.604900000200000
514, , ,6,117.475000003000010,622.950349208000030,82,533901.207199999950000,3379295.604900000200000
515, , ,6,117.475000003000010,622.950349208000030,82,533901.207199999950000,3379281.714300000100000
516, , ,6,117.475000003000010,622.950349208000030,82,533856.360299999940000,3379281.714300000100000
517, , ,3,102.658400001000000,508.618090918000010,83,533892.343699999970000,3379251.419400000000000
518, , ,3,102.658400001000000,508.618090918000010,83,533868.134300000030000,3379251.419400000000000
519, , ,3,102.658400001000000,508.618090918000010,83,533868.134300000030000,3379268.088200000100000
520, , ,3,102.658400001000000,508.618090918000010,83,533902.794699999970000,3379268.088200000100000
521, , ,3,102.658400001000000,508.618090918000010,83,533902.794699999970000,3379258.034000000000000
522, , ,3,102.658400001000000,508.618090918000010,83,533892.343699999970000,3379258.034000000000000
523, , ,3,102.658400001000000,508.618090918000010,83,533892.343699999970000,3379251.419400000000000
524, , ,3,112.217488901000000,523.370797305999990,84,533821.427299999980000,3379229.194399999900000
525, , ,3,112.217488901000000,523.370797305999990,84,533817.050999999980000,3379240.170400000200000
526, , ,3,112.217488901000000,523.370797305999990,84,533858.193800000010000,3379256.574500000100000
527, , ,3,112.217488901000000,523.370797305999990,84,533862.570100000010000,3379245.598600000100000
528, , ,3,112.217488901000000,523.370797305999990,84,533821.427299999980000,3379229.194399999900000
529, , ,2,67.216014123600004,273.232618842000020,85,533787.560500000020000,3379218.478699999900000
530, , ,2,67.216014123600004,273.232618842000020,85,533784.701000000000000,3379231.959199999900000
531, , ,2,67.216014123600004,273.232618842000020,85,533804.096999999950000,3379236.073499999900000
532, , ,2,67.216014123600004,273.232618842000020,85,533806.956499999970000,3379222.592999999900000
533, , ,2,67.216014123600004,273.232618842000020,85,533787.560500000020000,3379218.478699999900000
534, , ,0,164.718008526000010,1439.802952220000000,86,533739.596800000060000,3379294.510400000000000
535, , ,0,164.718008526000010,1439.802952220000000,86,533739.199900000010000,3379339.092800000200000
536, , ,0,164.718008526000010,1439.802952220000000,86,533763.938500000050000,3379339.092800000200000
537, , ,0,164.718008526000010,1439.802952220000000,86,533764.335399999980000,3379332.742800000100000
538, , ,0,164.718008526000010,1439.802952220000000,86,533777.432299999990000,3379332.742800000100000
539, , ,0,164.718008526000010,1439.802952220000000,86,533777.300000000050000,3379307.739600000000000
540, , ,0,164.718008526000010,1439.802952220000000,86,533764.599900000030000,3379307.739600000000000
541, , ,0,164.718008526000010,1439.802952220000000,86,533764.599900000030000,3379294.510400000000000
542, , ,0,164.718008526000010,1439.802952220000000,86,533739.596800000060000,3379294.510400000000000
543, , ,0,204.149808788000000,1350.684478140000000,87,534173.966400000030000,3378700.443800000000000
544, , ,0,204.149808788000000,1350.684478140000000,87,534207.542099999960000,3378700.126300000100000
545, , ,0,204.149808788000000,1350.684478140000000,87,534207.939000000010000,3378684.330699999800000
546, , ,0,204.149808788000000,1350.684478140000000,87,534165.473299999950000,3378685.203799999800000
547, , ,0,204.149808788000000,1350.684478140000000,87,534159.837599999970000,3378687.743799999800000
548, , ,0,204.149808788000000,1350.684478140000000,87,534156.424499999960000,3378690.839399999900000
549, , ,0,204.149808788000000,1350.684478140000000,87,534156.186400000010000,3378733.066999999800000
550, , ,0,204.149808788000000,1350.684478140000000,87,534158.250099999950000,3378737.432599999900000
551, , ,0,204.149808788000000,1350.684478140000000,87,534162.298300000020000,3378740.052000000100000
552, , ,0,204.149808788000000,1350.684478140000000,87,534166.346400000040000,3378740.210800000000000
553, , ,0,204.149808788000000,1350.684478140000000,87,534164.758900000020000,3378736.876999999900000
554, , ,0,204.149808788000000,1350.684478140000000,87,534165.949499999990000,3378730.130100000200000
555, , ,0,204.149808788000000,1350.684478140000000,87,534169.838899999970000,3378726.478900000000000
556, , ,0,204.149808788000000,1350.684478140000000,87,534173.807700000000000,3378726.161400000100000
557, , ,0,204.149808788000000,1350.684478140000000,87,534173.966400000030000,3378700.443800000000000
558, , ,0,91.977439595199996,542.903194696000010,88,534193.413300000010000,3378725.129499999800000
559, , ,0,91.977439595199996,542.903194696000010,88,534173.807700000000000,3378726.161400000100000
560, , ,0,91.977439595199996,542.903194696000010,88,534169.838899999970000,3378726.478900000000000
561, , ,0,91.977439595199996,542.903194696000010,88,534165.949499999990000,3378730.130100000200000
562, , ,0,91.977439595199996,542.903194696000010,88,534164.758900000020000,3378736.876999999900000
563, , ,0,91.977439595199996,542.903194696000010,88,534166.346400000040000,3378740.210800000000000
564, , ,0,91.977439595199996,542.903194696000010,88,534171.029499999950000,3378743.306400000100000
565, , ,0,91.977439595199996,542.903194696000010,88,534195.715199999980000,3378741.718900000200000
566, , ,0,91.977439595199996,542.903194696000010,88,534199.922099999970000,3378737.670800000000000
567, , ,0,91.977439595199996,542.903194696000010,88,534200.080800000000000,3378732.352599999900000
568, , ,0,91.977439595199996,542.903194696000010,88,534199.287099999960000,3378729.018900000000000
569, , ,0,91.977439595199996,542.903194696000010,88,534197.302700000000000,3378726.081999999900000
570, , ,0,91.977439595199996,542.903194696000010,88,534193.413300000010000,3378725.129499999800000