FID,R_name,R_num,R_type,SHAPE_Leng,Shape_Le_1,ORIG_FID,POINT_X,POINT_Y
0,求是二路,2,主干道,87.512468208900003,87.512468208900003,1,534014.576899999990000,3379122.699599999900000
1,求是二路,2,主干道,87.512468208900003,87.512468208900003,1,534014.388099999980000,3379130.818800000000000
2,求是二路,2,主干道,87.512468208900003,87.512468208900003,1,534012.800599999960000,3379210.194000000100000
3,求是一路,1,主干道,210.231945680000000,210.231945680000000,2,534142.579000000030000,3378871.103300000100000
4,求是一路,1,主干道,210.231945680000000,210.231945680000000,2,534140.885699999980000,3378986.885199999900000
5,求是一路,1,主干道,210.231945680000000,210.231945680000000,2,534138.345699999950000,3379081.288699999900000
6,新疆路,3,主干道,139.308015737000010,139.308015737000010,3,534028.411100000030000,3378713.834700000000000
7,新疆路,3,主干道,139.308015737000010,139.308015737000010,3,533947.336000000010000,3378715.382900000100000
8,新疆路,3,主干道,139.308015737000010,139.308015737000010,3,533941.382800000020000,3378718.161100000100000
9,新疆路,3,主干道,139.308015737000010,139.308015737000010,3,533936.355699999960000,3378721.997500000100000
10,新疆路,3,主干道,139.308015737000010,139.308015737000010,3,533932.916100000030000,3378726.495500000200000
11,新疆路,3,主干道,139.308015737000010,139.308015737000010,3,533931.857800000000000,3378734.829799999900000
12,新疆路,3,主干道,139.308015737000010,139.308015737000010,3,533931.064000000010000,3378750.175700000000000
13,新疆路,3,主干道,139.308015737000010,139.308015737000010,3,533930.606099999980000,3378766.063900000000000
14,回归路,4,主干道,171.018399835999990,171.015722490000000,4,534136.618400000040000,3378705.792700000100000
15,回归路,4,主干道,171.018399835999990,171.015722490000000,4,534146.990899999980000,3378687.323799999900000
16,回归路,4,主干道,171.018399835999990,171.015722490000000,4,534149.372199999980000,3378684.466300000000000
17,回归路,4,主干道,171.018399835999990,171.015722490000000,4,534149.584099999980000,3378684.031700000200000
18,回归路,4,主干道,171.018399835999990,171.015722490000000,4,534149.858000000010000,3378683.633200000000000
19,回归路,4,主干道,171.018399835999990,171.015722490000000,4,534150.187999999970000,3378683.279800000100000
20,回归路,4,主干道,171.018399835999990,171.015722490000000,4,534150.566699999970000,3378682.979100000100000
21,回归路,4,主干道,171.018399835999990,171.015722490000000,4,534150.985699999960000,3378682.737799999800000
22,回归路,4,主干道,171.018399835999990,171.015722490000000,4,534151.435900000040000,3378682.561300000200000
23,回归路,4,主干道,171.018399835999990,171.015722490000000,4,534157.944699999990000,3378679.227500000000000
24,回归路,4,主干道,171.018399835999990,171.015722490000000,4,534175.248499999990000,3378677.163800000200000
25,回归路,4,主干道,171.018399835999990,171.015722490000000,4,534199.219799999960000,3378676.846299999900000
26,回归路,4,主干道,171.018399835999990,171.015722490000000,4,534211.919800000030000,3378677.163800000200000
27,回归路,4,主干道,171.018399835999990,171.015722490000000,4,534209.379800000000000,3378758.920200000100000
28,回归路,4,主干道,66.629035475600006,66.629035475600006,5,534209.379800000000000,3378758.920200000100000
29,回归路,4,主干道,66.629035475600006,66.629035475600006,5,534142.759199999970000,3378759.980399999800000
30,北京路,5,主干道,58.229201599900001,58.229201599900001,6,534026.636100000000000,3378785.847500000100000
31,北京路,5,主干道,58.229201599900001,58.229201599900001,6,534084.855699999960000,3378784.790099999900000
32,陕西路,6,主干道,90.522320629600003,90.522320629600003,7,534141.453400000000000,3378823.311000000200000
33,陕西路,6,主干道,90.522320629600003,90.522320629600003,7,534150.452599999960000,3378823.095000000200000
34,陕西路,6,主干道,90.522320629600003,90.522320629600003,7,534231.972700000040000,3378822.830600000000000
35,星湖南路,7,主干道,121.883403191000000,121.883403191000000,8,534142.583199999990000,3378871.459300000200000
36,星湖南路,7,主干道,121.883403191000000,121.883403191000000,8,534106.337599999970000,3378871.888700000000000
37,星湖南路,7,主干道,121.883403191000000,121.883403191000000,8,534020.724200000060000,3378873.823499999900000
38,星湖三路,8,主干道,196.199861360000000,196.199861360000000,9,533757.573500000060000,3378979.930699999900000
39,星湖三路,8,主干道,196.199861360000000,196.199861360000000,9,533758.184899999990000,3379013.070600000200000
40,星湖三路,8,主干道,196.199861360000000,196.199861360000000,9,533756.465199999980000,3379077.629100000000000
41,星湖三路,8,主干道,196.199861360000000,196.199861360000000,9,533755.539100000050000,3379094.827099999900000
42,星湖三路,8,主干道,196.199861360000000,196.199861360000000,9,533752.231799999950000,3379106.468799999900000
43,星湖三路,8,主干道,196.199861360000000,196.199861360000000,9,533750.379700000050000,3379121.285399999900000
44,星湖三路,8,主干道,196.199861360000000,196.199861360000000,9,533750.030700000000000,3379175.500000000000000
45,星湖三路,8,主干道,290.652783689999980,290.652783689999980,10,533744.162000000010000,3378776.400400000200000
46,星湖三路,8,主干道,290.652783689999980,290.652783689999980,10,533753.501799999970000,3378783.544100000100000
47,星湖三路,8,主干道,290.652783689999980,290.652783689999980,10,533760.910200000040000,3378791.217100000000000
48,星湖三路,8,主干道,290.652783689999980,290.652783689999980,10,533769.905999999960000,3378794.392099999800000
49,星湖三路,8,主干道,290.652783689999980,290.652783689999980,10,533874.152099999950000,3378790.687899999800000
50,星湖三路,8,主干道,290.652783689999980,290.652783689999980,10,533921.248000000020000,3378788.306700000100000
51,星湖三路,8,主干道,290.652783689999980,290.652783689999980,10,533924.422999999950000,3378725.864899999900000
52,星湖三路,8,主干道,290.652783689999980,290.652783689999980,10,533913.575100000020000,3378699.141900000200000
53,星湖三路,8,主干道,290.652783689999980,290.652783689999980,10,533899.287499999980000,3378692.262699999800000
54,星湖二路,9,主干道,202.319467602999990,202.319467602999990,11,533827.003200000040000,3378978.639500000000000
55,星湖二路,9,主干道,202.319467602999990,202.319467602999990,11,533822.042299999970000,3379079.512099999900000
56,星湖二路,9,主干道,202.319467602999990,202.319467602999990,11,533817.412000000010000,3379165.501800000200000
57,星湖二路,9,主干道,202.319467602999990,202.319467602999990,11,533813.972500000030000,3379180.318500000100000
58,星湖一路,10,主干道,105.441684744000000,105.441684744000000,12,533926.218699999970000,3379106.721899999800000
59,星湖一路,10,主干道,105.441684744000000,105.441684744000000,12,533924.568500000050000,3379124.755900000200000
60,星湖一路,10,主干道,105.441684744000000,105.441684744000000,12,533922.716400000030000,3379212.068599999900000
61,星湖路,11,主干道,260.193440092000000,260.193440092000000,13,533757.573500000060000,3378979.930699999900000
62,星湖路,11,主干道,260.193440092000000,260.193440092000000,13,533827.003200000040000,3378978.639500000000000
63,星湖路,11,主干道,260.193440092000000,260.193440092000000,13,533933.035200000040000,3378977.647299999800000
64,星湖路,11,主干道,260.193440092000000,260.193440092000000,13,534017.745699999970000,3378976.765199999800000
65,求是大道,11,主干道,84.824418675000004,84.824418675000004,14,533727.396599999980000,3379453.822199999800000
66,求是大道,11,主干道,84.824418675000004,84.824418675000004,14,533725.323600000000000,3379461.346299999900000
67,求是大道,11,主干道,84.824418675000004,84.824418675000004,14,533719.820300000020000,3379472.247099999800000
68,求是大道,11,主干道,84.824418675000004,84.824418675000004,14,533713.258599999940000,3379485.370500000200000
69,求是大道,11,主干道,84.824418675000004,84.824418675000004,14,533704.791899999950000,3379497.012200000200000
70,求是大道,11,主干道,84.824418675000004,84.824418675000004,14,533692.621099999990000,3379514.368900000100000
71,求是大道,11,主干道,84.824418675000004,84.824418675000004,14,533684.048599999980000,3379526.116400000200000
72,湖北路,12,主干道,40.902955913400000,40.902955913400000,15,533790.887499999950000,3379182.765900000000000
73,湖北路,12,主干道,40.902955913400000,40.902955913400000,15,533749.986299999990000,3379182.386899999800000
74,友谊大道,13,主干道,103.523021506000010,103.523021506000010,16,534086.884100000020000,3378681.290899999900000
75,友谊大道,13,主干道,103.523021506000010,103.523021506000010,16,534086.298500000030000,3378734.232299999800000
76,友谊大道,13,主干道,103.523021506000010,103.523021506000010,16,534084.855699999960000,3378784.790099999900000
77,遥感小路,1,小路,96.517201889500001,96.517201889500001,17,533930.606099999980000,3378766.063900000000000
78,遥感小路,1,小路,96.517201889500001,96.517201889500001,17,534027.123299999980000,3378766.083000000100000
79,印包小路,2,小路,44.543656109600001,44.543656109600001,18,533829.978400000020000,3378877.854799999900000
80,印包小路,2,小路,44.543656109600001,44.543656109600001,18,533832.988999999940000,3378833.413000000200000
81,二食堂小路,3,小路,101.595647224000000,101.595647224000000,19,533850.224700000020000,3378978.422199999900000
82,二食堂小路,3,小路,101.595647224000000,101.595647224000000,19,533854.673399999970000,3378876.924000000100000
83,竹林小路,4,小路,116.955373535000010,116.955373535000010,20,533926.698399999990000,3378874.397799999900000
84,竹林小路,4,小路,116.955373535000010,116.955373535000010,20,533912.662000000010000,3378888.255400000100000
85,竹林小路,4,小路,116.955373535000010,116.955373535000010,20,533901.284899999970000,3378907.305499999800000
86,竹林小路,4,小路,116.955373535000010,116.955373535000010,20,533890.701600000030000,3378935.615900000100000
87,竹林小路,4,小路,116.955373535000010,116.955373535000010,20,533880.647400000020000,3378957.841000000000000
88,竹林小路,4,小路,116.955373535000010,116.955373535000010,20,533878.545000000040000,3378978.157199999800000
89,竹林二路,4,小路,145.318841932999990,145.318841932999990,21,533903.913599999970000,3378902.903899999800000
90,竹林二路,4,小路,145.318841932999990,145.318841932999990,21,533947.587100000000000,3378902.807500000100000
91,竹林二路,4,小路,145.318841932999990,145.318841932999990,21,533969.547499999990000,3378903.601300000200000
92,竹林二路,4,小路,145.318841932999990,145.318841932999990,21,533971.928799999990000,3378936.938800000100000
93,竹林二路,4,小路,145.318841932999990,145.318841932999990,21,533974.574600000050000,3378944.347200000200000
94,竹林二路,4,小路,145.318841932999990,145.318841932999990,21,533981.189200000020000,3378953.342999999900000
95,竹林二路,4,小路,145.318841932999990,145.318841932999990,21,533990.978800000040000,3378965.249299999800000
96,竹林二路,4,小路,145.318841932999990,145.318841932999990,21,533991.517800000030000,3378977.038300000100000
97,国重小路,5,小路,86.506041926199998,86.506041926199998,22,533929.259300000030000,3379071.448799999900000
98,国重小路,5,小路,86.506041926199998,86.506041926199998,22,534015.765200000020000,3379071.605500000100000
99,出版社小路,7,小路,88.739888938700005,88.739888938700005,23,533926.218699999970000,3379106.721899999800000
100,出版社小路,7,小路,88.739888938700005,88.739888938700005,23,534014.957700000030000,3379106.324700000200000
101,毕生路,14,主干道,63.555091729700003,63.555091729700003,24,534074.799099999950000,3379080.249799999900000
102,毕生路,14,主干道,63.555091729700003,63.555091729700003,24,534138.345699999950000,3379081.288699999900000
103,广东路,15,主干道,154.258535282999990,154.258535282999990,25,534071.536599999990000,3379173.252100000200000
104,广东路,15,主干道,154.258535282999990,154.258535282999990,25,534076.852199999960000,3379170.873300000100000
105,广东路,15,主干道,154.258535282999990,154.258535282999990,25,534127.017299999950000,3379147.854499999900000
106,广东路,15,主干道,154.258535282999990,154.258535282999990,25,534129.557299999990000,3379143.885799999800000
107,广东路,15,主干道,154.258535282999990,154.258535282999990,25,534130.192300000000000,3379134.995699999900000
108,广东路,15,主干道,154.258535282999990,154.258535282999990,25,534130.827300000000000,3379112.056299999800000
109,广东路,15,主干道,154.258535282999990,154.258535282999990,25,534074.161300000040000,3379111.597500000100000
110,广东路,15,主干道,16.793750940700001,16.793750940700001,26,534061.956099999950000,3379159.459199999900000
111,广东路,15,主干道,16.793750940700001,16.793750940700001,26,534071.536599999990000,3379173.252100000200000
112,广东路,15,主干道,31.354187664800001,31.354187664800001,27,534074.161300000040000,3379111.597500000100000
113,广东路,15,主干道,31.354187664800001,31.354187664800001,27,534074.799099999950000,3379080.249799999900000
114,广东路,15,主干道,10.614754805000000,10.614754805000000,28,534014.576899999990000,3379122.699599999900000
115,广东路,15,主干道,10.614754805000000,10.614754805000000,28,534025.183500000040000,3379123.115600000100000
116, ,6,小路,243.282757866000000,243.282757866000000,29,533758.116099999980000,3379009.343799999900000
117, ,6,小路,243.282757866000000,243.282757866000000,29,533801.654100000040000,3379006.150500000000000
118, ,6,小路,243.282757866000000,243.282757866000000,29,533825.733099999950000,3379004.464999999900000
119, ,6,小路,243.282757866000000,243.282757866000000,29,533849.914200000000000,3379004.668800000100000
120, ,6,小路,243.282757866000000,243.282757866000000,29,533851.395900000000000,3379006.997099999800000
121, ,6,小路,243.282757866000000,243.282757866000000,29,533850.760899999990000,3379028.587200000000000
122, ,6,小路,243.282757866000000,243.282757866000000,29,533849.067500000000000,3379070.073900000200000
123, ,6,小路,243.282757866000000,243.282757866000000,29,533851.607500000040000,3379077.693899999800000
124, ,6,小路,243.282757866000000,243.282757866000000,29,533856.687500000000000,3379079.810600000000000
125, ,6,小路,243.282757866000000,243.282757866000000,29,533928.577700000020000,3379080.309500000000000
126, ,8,小路,66.613093414700003,66.613093414700003,30,533757.539899999970000,3379037.285699999900000
127, ,8,小路,66.613093414700003,66.613093414700003,30,533824.150000000020000,3379036.654200000200000
128, ,9,小路,92.834726430499998,92.834726430499998,31,533756.677799999950000,3379069.647799999900000
129, ,9,小路,92.834726430499998,92.834726430499998,31,533822.599200000060000,3379068.189199999900000
130, ,9,小路,92.834726430499998,92.834726430499998,31,533826.842500000030000,3379066.687200000000000
131, ,9,小路,92.834726430499998,92.834726430499998,31,533849.230300000050000,3379066.084799999800000
132, ,10,小路,68.350375126399996,68.350375126399996,32,533752.231799999950000,3379106.468799999900000
133, ,10,小路,68.350375126399996,68.350375126399996,32,533757.839000000040000,3379106.904000000100000
134, ,10,小路,68.350375126399996,68.350375126399996,32,533820.565300000020000,3379106.942100000100000
135, ,11,小路,80.644507534200002,80.644507534200002,33,533850.953800000020000,3379022.029000000100000
136, ,11,小路,80.644507534200002,80.644507534200002,33,533931.559099999950000,3379019.514599999900000
137, ,12,小路,45.036387557200001,45.036387557200001,34,534176.246599999950000,3379125.429300000000000
138, ,12,小路,45.036387557200001,45.036387557200001,34,534181.009100000020000,3379106.379199999900000
139, ,12,小路,45.036387557200001,45.036387557200001,34,534181.009100000020000,3379080.979199999900000
140, ,12,小路,127.419116475000000,127.419116475000000,35,534176.246599999950000,3379125.429300000000000
141, ,12,小路,127.419116475000000,127.419116475000000,35,534177.040400000060000,3379134.689700000000000
142, ,12,小路,127.419116475000000,127.419116475000000,35,534181.538300000010000,3379142.627200000000000
143, ,12,小路,127.419116475000000,127.419116475000000,35,534186.300799999970000,3379145.273099999900000
144, ,12,小路,127.419116475000000,127.419116475000000,35,534214.082100000000000,3379146.595999999900000
145, ,12,小路,127.419116475000000,127.419116475000000,35,534224.136300000010000,3379146.331400000000000
146, ,12,小路,127.419116475000000,127.419116475000000,35,534226.517600000020000,3379137.864699999800000
147, ,12,小路,127.419116475000000,127.419116475000000,35,534226.253000000030000,3379121.460500000000000
148, ,12,小路,127.419116475000000,127.419116475000000,35,534226.253000000030000,3379080.979199999900000
149, ,13,小路,17.439966042199998,17.439966042199998,36,533908.790200000050000,3379107.354199999900000
150, ,13,小路,17.439966042199998,17.439966042199998,36,533926.218699999970000,3379106.721899999800000
151, ,13,小路,79.388470725900007,79.388470725900007,37,533898.274800000010000,3379132.458399999900000
152, ,13,小路,79.388470725900007,79.388470725900007,37,533896.599099999990000,3379161.897700000100000
153, ,13,小路,79.388470725900007,79.388470725900007,37,533892.895000000020000,3379187.694699999900000
154, ,13,小路,79.388470725900007,79.388470725900007,37,533884.386500000020000,3379209.964600000100000
155, ,13,小路,79.837248810000006,79.837248810000006,38,533818.888799999960000,3379138.075100000000000
156, ,13,小路,79.837248810000006,79.837248810000006,38,533839.713600000020000,3379145.361300000000000
157, ,13,小路,79.837248810000006,79.837248810000006,38,533897.477700000050000,3379146.462100000100000
158, ,13,小路,58.581462230200003,58.581462230200003,39,533893.780400000050000,3379181.528100000200000
159, ,13,小路,58.581462230200003,58.581462230200003,39,533849.503200000040000,3379180.286299999800000
160, ,13,小路,58.581462230200003,58.581462230200003,39,533843.985600000010000,3379193.464699999900000
161, ,13,小路,41.319074114599999,41.319074114599999,40,533849.503200000040000,3379180.286299999800000
162, ,13,小路,41.319074114599999,41.319074114599999,40,533844.079200000040000,3379178.301899999800000
163, ,13,小路,41.319074114599999,41.319074114599999,40,533839.316699999970000,3379174.200900000100000
164, ,13,小路,41.319074114599999,41.319074114599999,40,533838.523000000040000,3379167.189400000000000
165, ,13,小路,41.319074114599999,41.319074114599999,40,533838.655299999980000,3379159.384200000200000
166, ,13,小路,41.319074114599999,41.319074114599999,40,533842.101600000050000,3379145.406800000000000
167, ,13,小路,21.136591609700002,21.136591609700002,41,533817.412000000010000,3379165.501800000200000
168, ,13,小路,21.136591609700002,21.136591609700002,41,533838.545399999940000,3379165.869099999800000
169, ,13,小路,24.800084525199999,24.800084525199999,42,533881.613699999990000,3379146.148000000000000
170, ,13,小路,24.800084525199999,24.800084525199999,42,533882.145600000050000,3379130.791600000100000
171, ,13,小路,24.800084525199999,24.800084525199999,42,533891.574400000040000,3379130.464399999900000
172, ,13,小路,77.570596652000006,77.484227083500002,43,533867.884700000050000,3379180.801800000000000
173, ,13,小路,77.570596652000006,77.484227083500002,43,533868.024100000040000,3379173.804000000000000
174, ,13,小路,77.570596652000006,77.484227083500002,43,533869.874799999990000,3379173.595300000200000
175, ,13,小路,77.570596652000006,77.484227083500002,43,533871.662999999940000,3379173.074599999900000
176, ,13,小路,77.570596652000006,77.484227083500002,43,533873.336499999980000,3379172.257199999900000
177, ,13,小路,77.570596652000006,77.484227083500002,43,533874.846499999990000,3379171.166999999900000
178, ,13,小路,77.570596652000006,77.484227083500002,43,533876.148900000030000,3379169.835599999900000
179, ,13,小路,77.570596652000006,77.484227083500002,43,533877.205800000000000,3379168.302100000000000
180, ,13,小路,77.570596652000006,77.484227083500002,43,533877.986200000040000,3379166.611000000000000
181, ,13,小路,77.570596652000006,77.484227083500002,43,533878.467500000030000,3379164.811799999800000
182, ,13,小路,77.570596652000006,77.484227083500002,43,533878.635600000040000,3379162.956999999900000
183, ,13,小路,77.570596652000006,77.484227083500002,43,533878.485600000010000,3379161.100600000000000
184, ,13,小路,77.570596652000006,77.484227083500002,43,533878.021799999990000,3379159.296800000100000
185, ,13,小路,77.570596652000006,77.484227083500002,43,533877.257800000020000,3379157.598199999900000
186, ,13,小路,77.570596652000006,77.484227083500002,43,533876.215899999950000,3379156.054500000100000
187, ,13,小路,77.570596652000006,77.484227083500002,43,533874.926499999940000,3379154.710599999900000
188, ,13,小路,77.570596652000006,77.484227083500002,43,533873.427099999970000,3379153.605700000200000
189, ,13,小路,77.570596652000006,77.484227083500002,43,533871.761599999970000,3379152.772100000200000
190, ,13,小路,77.570596652000006,77.484227083500002,43,533869.978600000030000,3379152.234100000000000
191, ,13,小路,77.570596652000006,77.484227083500002,43,533868.130000000000000,3379152.007400000000000
192, ,13,小路,77.570596652000006,77.484227083500002,43,533866.269800000010000,3379152.098600000100000
193, ,13,小路,77.570596652000006,77.484227083500002,43,533864.452200000060000,3379152.504999999900000
194, ,13,小路,77.570596652000006,77.484227083500002,43,533862.664299999950000,3379152.966099999800000
195, ,13,小路,77.570596652000006,77.484227083500002,43,533860.981499999990000,3379153.726100000100000
196, ,13,小路,77.570596652000006,77.484227083500002,43,533859.453400000000000,3379154.762500000200000
197, ,13,小路,77.570596652000006,77.484227083500002,43,533858.125000000000000,3379156.044999999900000
198, ,13,小路,77.570596652000006,77.484227083500002,43,533857.035299999990000,3379157.535699999900000
199, ,13,小路,77.570596652000006,77.484227083500002,43,533856.216600000040000,3379159.190700000200000
200, ,13,小路,77.570596652000006,77.484227083500002,43,533855.692900000020000,3379160.961300000100000
201, ,13,小路,77.570596652000006,77.484227083500002,43,533855.479500000020000,3379162.795299999900000
202, ,13,小路,77.570596652000006,77.484227083500002,43,533855.582799999970000,3379164.638900000100000
203, ,13,小路,77.570596652000006,77.484227083500002,43,533855.999799999990000,3379166.437599999800000
204, ,13,小路,77.570596652000006,77.484227083500002,43,533856.718200000000000,3379168.138600000200000
205, ,13,小路,77.570596652000006,77.484227083500002,43,533857.716699999990000,3379169.691699999900000
206, ,13,小路,77.570596652000006,77.484227083500002,43,533858.966099999960000,3379171.051299999900000
207, ,13,小路,77.570596652000006,77.484227083500002,43,533860.429499999970000,3379172.177199999800000
208, ,13,小路,77.570596652000006,77.484227083500002,43,533862.063899999950000,3379173.036400000100000
209, ,13,小路,77.570596652000006,77.484227083500002,43,533863.821099999940000,3379173.603600000000000
210, ,13,小路,77.570596652000006,77.484227083500002,43,533865.649399999990000,3379173.862000000200000
211, ,13,小路,77.570596652000006,77.484227083500002,43,533867.494900000050000,3379173.804000000000000
212, ,13,小路,48.207953009199997,48.151137545499999,44,533899.207100000000000,3379120.424999999800000
213, ,13,小路,48.207953009199997,48.151137545499999,44,533900.254399999980000,3379120.301000000000000
214, ,13,小路,48.207953009199997,48.151137545499999,44,533901.307700000000000,3379120.354100000100000
215, ,13,小路,48.207953009199997,48.151137545499999,44,533902.337199999950000,3379120.582700000100000
216, ,13,小路,48.207953009199997,48.151137545499999,44,533903.314000000010000,3379120.980500000100000
217, ,13,小路,48.207953009199997,48.151137545499999,44,533904.210399999980000,3379121.536100000100000
218, ,13,小路,48.207953009199997,48.151137545499999,44,533905.001099999990000,3379122.233899999900000
219, ,13,小路,48.207953009199997,48.151137545499999,44,533905.663799999980000,3379123.054300000000000
220, ,13,小路,48.207953009199997,48.151137545499999,44,533906.179899999990000,3379123.973999999900000
221, ,13,小路,48.207953009199997,48.151137545499999,44,533906.534699999960000,3379124.967199999800000
222, ,13,小路,48.207953009199997,48.151137545499999,44,533906.718299999950000,3379126.005700000100000
223, ,13,小路,48.207953009199997,48.151137545499999,44,533906.725400000000000,3379127.060300000000000
224, ,13,小路,48.207953009199997,48.151137545499999,44,533906.555999999980000,3379128.101199999900000
225, ,13,小路,48.207953009199997,48.151137545499999,44,533906.214599999950000,3379129.099100000200000
226, ,13,小路,48.207953009199997,48.151137545499999,44,533905.711000000010000,3379130.025700000100000
227, ,13,小路,48.207953009199997,48.151137545499999,44,533905.059499999970000,3379130.855000000000000
228, ,13,小路,48.207953009199997,48.151137545499999,44,533904.278300000010000,3379131.563500000200000
229, ,13,小路,48.207953009199997,48.151137545499999,44,533903.389500000050000,3379132.131200000200000
230, ,13,小路,48.207953009199997,48.151137545499999,44,533902.418199999960000,3379132.542100000200000
231, ,13,小路,48.207953009199997,48.151137545499999,44,533901.391900000050000,3379132.784700000200000
232, ,13,小路,48.207953009199997,48.151137545499999,44,533900.339400000060000,3379132.852000000000000
233, ,13,小路,48.207953009199997,48.151137545499999,44,533899.290500000000000,3379132.742200000200000
234, ,13,小路,48.207953009199997,48.151137545499999,44,533898.274800000010000,3379132.458399999900000
235, ,13,小路,48.207953009199997,48.151137545499999,44,533897.212100000000000,3379132.676200000100000
236, ,13,小路,48.207953009199997,48.151137545499999,44,533896.128000000030000,3379132.712900000200000
237, ,13,小路,48.207953009199997,48.151137545499999,44,533895.052999999960000,3379132.567700000000000
238, ,13,小路,48.207953009199997,48.151137545499999,44,533894.017499999960000,3379132.244500000000000
239, ,13,小路,48.207953009199997,48.151137545499999,44,533893.050700000020000,3379131.752599999800000
240, ,13,小路,48.207953009199997,48.151137545499999,44,533892.179899999990000,3379131.105700000200000
241, ,13,小路,48.207953009199997,48.151137545499999,44,533891.429699999980000,3379130.322199999800000
242, ,13,小路,48.207953009199997,48.151137545499999,44,533890.821200000010000,3379129.424199999800000
243, ,13,小路,48.207953009199997,48.151137545499999,44,533890.371700000020000,3379128.436999999900000
244, ,13,小路,48.207953009199997,48.151137545499999,44,533890.093800000030000,3379127.388400000100000
245, ,13,小路,48.207953009199997,48.151137545499999,44,533889.995400000010000,3379126.308100000000000
246, ,13,小路,48.207953009199997,48.151137545499999,44,533890.079099999970000,3379125.226600000200000
247, ,13,小路,48.207953009199997,48.151137545499999,44,533890.342799999980000,3379124.174399999900000
248, ,13,小路,48.207953009199997,48.151137545499999,44,533890.778900000030000,3379123.181200000000000
249, ,13,小路,48.207953009199997,48.151137545499999,44,533891.375099999950000,3379122.274900000100000
250, ,13,小路,48.207953009199997,48.151137545499999,44,533892.114700000030000,3379121.481300000100000
251, ,13,小路,48.207953009199997,48.151137545499999,44,533892.976600000050000,3379120.822699999900000
252, ,13,小路,48.207953009199997,48.151137545499999,44,533893.936600000020000,3379120.317700000000000
253, ,13,小路,48.207953009199997,48.151137545499999,44,533894.967700000040000,3379119.980599999900000
254, ,13,小路,48.207953009199997,48.151137545499999,44,533896.040599999950000,3379119.820799999900000
255, ,13,小路,48.207953009199997,48.151137545499999,44,533897.125099999950000,3379119.842800000200000
256, ,13,小路,48.207953009199997,48.151137545499999,44,533898.190599999970000,3379120.046200000200000
257, ,13,小路,48.207953009199997,48.151137545499999,44,533899.207100000000000,3379120.424999999800000
258, ,13,小路,3.839853326990000,3.839853326990000,45,533899.207100000000000,3379120.424999999800000
259, ,13,小路,3.839853326990000,3.839853326990000,45,533899.305199999940000,3379116.586399999900000
260, ,13,小路,51.897616045800000,51.835744746600000,46,533899.305199999940000,3379116.586399999900000
261, ,13,小路,51.897616045800000,51.835744746600000,46,533897.894399999990000,3379115.991400000200000
262, ,13,小路,51.897616045800000,51.835744746600000,46,533896.604599999960000,3379115.166199999900000
263, ,13,小路,51.897616045800000,51.835744746600000,46,533895.473099999940000,3379114.134600000000000
264, ,13,小路,51.897616045800000,51.835744746600000,46,533894.532600000040000,3379112.926299999900000
265, ,13,小路,51.897616045800000,51.835744746600000,46,533893.810300000010000,3379111.576299999800000
266, ,13,小路,51.897616045800000,51.835744746600000,46,533893.326800000040000,3379110.123399999900000
267, ,13,小路,51.897616045800000,51.835744746600000,46,533893.096299999980000,3379108.609699999900000
268, ,13,小路,51.897616045800000,51.835744746600000,46,533893.125400000020000,3379107.078799999800000
269, ,13,小路,51.897616045800000,51.835744746600000,46,533893.413199999950000,3379105.574899999900000
270, ,13,小路,51.897616045800000,51.835744746600000,46,533893.951400000020000,3379104.141499999900000
271, ,13,小路,51.897616045800000,51.835744746600000,46,533894.724500000010000,3379102.819800000200000
272, ,13,小路,51.897616045800000,51.835744746600000,46,533895.710199999970000,3379101.648099999900000
273, ,13,小路,51.897616045800000,51.835744746600000,46,533896.880000000000000,3379100.660199999800000
274, ,13,小路,51.897616045800000,51.835744746600000,46,533898.200100000020000,3379099.884500000200000
275, ,13,小路,51.897616045800000,51.835744746600000,46,533899.632600000010000,3379099.343500000000000
276, ,13,小路,51.897616045800000,51.835744746600000,46,533901.135899999990000,3379099.052800000200000
277, ,13,小路,51.897616045800000,51.835744746600000,46,533902.666699999940000,3379099.020800000100000
278, ,13,小路,51.897616045800000,51.835744746600000,46,533904.056699999960000,3379099.630900000200000
279, ,13,小路,51.897616045800000,51.835744746600000,46,533905.324900000010000,3379100.465200000000000
280, ,13,小路,51.897616045800000,51.835744746600000,46,533906.435399999960000,3379101.500099999800000
281, ,13,小路,51.897616045800000,51.835744746600000,46,533907.356900000010000,3379102.706400000000000
282, ,13,小路,51.897616045800000,51.835744746600000,46,533908.063399999980000,3379104.049999999800000
283, ,13,小路,51.897616045800000,51.835744746600000,46,533908.534800000020000,3379105.492900000000000
284, ,13,小路,51.897616045800000,51.835744746600000,46,533908.757899999970000,3379106.994400000200000
285, ,13,小路,51.897616045800000,51.835744746600000,46,533908.726299999980000,3379108.512099999900000
286, ,13,小路,51.897616045800000,51.835744746600000,46,533908.440999999990000,3379110.003000000000000
287, ,13,小路,51.897616045800000,51.835744746600000,46,533907.910000000030000,3379111.425100000100000
288, ,13,小路,51.897616045800000,51.835744746600000,46,533907.148300000000000,3379112.738200000000000
289, ,13,小路,51.897616045800000,51.835744746600000,46,533906.177400000040000,3379113.905100000100000
290, ,13,小路,51.897616045800000,51.835744746600000,46,533905.024800000010000,3379114.892899999900000
291, ,13,小路,51.897616045800000,51.835744746600000,46,533903.723000000000000,3379115.673800000000000
292, ,13,小路,51.897616045800000,51.835744746600000,46,533902.308899999950000,3379116.225500000200000
293, ,13,小路,51.897616045800000,51.835744746600000,46,533900.822200000050000,3379116.532600000000000
294, ,13,小路,51.897616045800000,51.835744746600000,46,533899.305199999940000,3379116.586399999900000
295, ,13,小路,18.908472652699999,18.908472652699999,47,533902.666699999940000,3379099.020800000100000
296, ,13,小路,18.908472652699999,18.908472652699999,47,533902.949900000010000,3379096.973000000200000
297, ,13,小路,18.908472652699999,18.908472652699999,47,533903.149500000060000,3379080.132999999900000
298,毕生路,14,主干道,45.243899999200003,45.243899999200003,48,534181.009100000020000,3379080.979199999900000
299,毕生路,14,主干道,45.243899999200003,45.243899999200003,48,534226.253000000030000,3379080.979199999900000
300,星湖大桥,1,桥,70.903201599200003,70.903201599200003,49,533897.408999999990000,3378917.673500000000000
301,星湖大桥,1,桥,70.903201599200003,70.903201599200003,49,533911.671899999960000,3378927.999100000100000
302,星湖大桥,1,桥,70.903201599200003,70.903201599200003,49,533919.344900000030000,3378937.524100000000000
303,星湖大桥,1,桥,70.903201599200003,70.903201599200003,49,533920.800000000050000,3378946.599400000200000
304,星湖大桥,1,桥,70.903201599200003,70.903201599200003,49,533923.313599999990000,3378953.266900000200000
305,星湖大桥,1,桥,70.903201599200003,70.903201599200003,49,533925.297900000010000,3378961.469000000000000
306,星湖大桥,1,桥,70.903201599200003,70.903201599200003,49,533925.033300000010000,3378966.099200000100000
307,星湖大桥,1,桥,70.903201599200003,70.903201599200003,49,533925.694800000060000,3378971.126300000100000
308,星湖大桥,1,桥,70.903201599200003,70.903201599200003,49,533925.959400000050000,3378975.095100000000000
309,星湖大桥,1,桥,70.903201599200003,70.903201599200003,49,533925.834299999990000,3378977.714699999900000
310, ,14,小路,102.745707642000000,102.745707642000000,50,533813.972500000030000,3379180.318500000100000
311, ,14,小路,102.745707642000000,102.745707642000000,50,533814.344700000020000,3379216.951200000000000
312, ,14,小路,102.745707642000000,102.745707642000000,50,533808.788399999960000,3379230.762399999900000
313, ,14,小路,102.745707642000000,102.745707642000000,50,533791.008400000050000,3379272.513799999800000
314, ,14,小路,102.745707642000000,102.745707642000000,50,533790.072900000030000,3379278.282999999800000
315, ,14,小路,43.302259756200002,43.302259756200002,51,533771.520699999990000,3379210.533199999900000
316, ,14,小路,43.302259756200002,43.302259756200002,51,533814.344700000020000,3379216.951200000000000
317, ,14,小路,91.477354350200002,91.477354350200002,52,533814.344700000020000,3379216.951200000000000
318, ,14,小路,91.477354350200002,91.477354350200002,52,533859.112300000040000,3379236.160000000100000
319, ,14,小路,91.477354350200002,91.477354350200002,52,533869.272299999950000,3379238.541199999900000
320, ,14,小路,91.477354350200002,91.477354350200002,52,533884.386500000020000,3379209.964600000100000
321, ,14,小路,107.327286297000000,107.327286297000000,53,533869.272299999950000,3379238.541199999900000
322, ,14,小路,107.327286297000000,107.327286297000000,53,533907.372399999990000,3379237.588700000200000
323, ,14,小路,107.327286297000000,107.327286297000000,53,533976.587500000020000,3379237.430000000200000
324, ,14,小路,25.106580545800000,25.106580545800000,54,533907.372399999990000,3379237.588700000200000
325, ,14,小路,25.106580545800000,25.106580545800000,54,533906.252699999950000,3379212.507100000000000
326, ,14,小路,186.532594246000000,186.532594246000000,55,533790.072900000030000,3379278.282999999800000
327, ,14,小路,186.532594246000000,186.532594246000000,55,533851.174800000040000,3379276.799999999800000
328, ,14,小路,186.532594246000000,186.532594246000000,55,533914.357399999980000,3379276.799999999800000
329, ,14,小路,186.532594246000000,186.532594246000000,55,533976.587500000020000,3379276.799999999800000
330, ,14,小路,39.257547971400001,39.257547971400001,56,533905.467399999960000,3379276.799999999800000
331, ,14,小路,39.257547971400001,39.257547971400001,56,533907.372399999990000,3379237.588700000200000
332, ,14,小路,100.773934298000000,100.773934298000000,57,533785.503200000040000,3379313.808800000200000
333, ,14,小路,100.773934298000000,100.773934298000000,57,533850.539800000030000,3379312.518900000000000
334, ,14,小路,100.773934298000000,100.773934298000000,57,533851.174800000040000,3379276.799999999800000
335, ,14,小路,74.656052724700004,74.656052724700004,58,533902.447999999970000,3379298.094399999800000
336, ,14,小路,74.656052724700004,74.656052724700004,58,533905.626099999990000,3379298.072600000100000
337, ,14,小路,74.656052724700004,74.656052724700004,58,533921.183700000050000,3379299.025100000200000
338, ,14,小路,74.656052724700004,74.656052724700004,58,533977.063800000000000,3379300.136299999900000
339, ,14,小路,21.273191965500001,21.273191965500001,59,533905.626099999990000,3379298.072600000100000
340, ,14,小路,21.273191965500001,21.273191965500001,59,533905.467399999960000,3379276.799999999800000
341, ,14,小路,120.815672917000000,120.815672917000000,60,533859.588499999950000,3379312.518900000000000
342, ,14,小路,120.815672917000000,120.815672917000000,60,533859.905999999960000,3379345.221400000200000
343, ,14,小路,120.815672917000000,120.815672917000000,60,533900.863600000040000,3379345.221400000200000
344, ,14,小路,120.815672917000000,120.815672917000000,60,533901.974900000030000,3379309.661299999800000
345, ,14,小路,120.815672917000000,120.815672917000000,60,533902.447999999970000,3379298.094399999800000
346, ,14,小路,77.784656065199997,77.784656065199997,61,533782.129300000030000,3379346.333900000000000
347, ,14,小路,77.784656065199997,77.784656065199997,61,533859.905999999960000,3379345.221400000200000
348, ,14,小路,30.027364462100000,30.027364462100000,62,533838.633500000000000,3379375.542700000100000
349, ,14,小路,30.027364462100000,30.027364462100000,62,533839.102599999980000,3379345.518999999900000
350, ,14,小路,190.422179054999990,190.422179054999990,63,533716.645299999970000,3379401.973600000100000
351, ,14,小路,190.422179054999990,190.422179054999990,63,533803.867199999980000,3379401.141200000000000
352, ,14,小路,190.422179054999990,190.422179054999990,63,533861.744900000050000,3379401.802699999900000
353, ,14,小路,190.422179054999990,190.422179054999990,63,533907.054899999990000,3379402.464100000000000
354, ,14,小路,26.000678511200000,26.000678511200000,64,533838.920000000040000,3379401.541799999800000
355, ,14,小路,26.000678511200000,26.000678511200000,64,533838.633500000000000,3379375.542700000100000
356, ,14,小路,31.661519126900000,31.661519126900000,65,533793.945300000020000,3379432.891299999800000
357, ,14,小路,31.661519126900000,31.661519126900000,65,533792.954099999970000,3379401.245300000100000
358, ,14,小路,126.659733398000000,126.659733398000000,66,533727.182799999950000,3379432.342999999900000
359, ,14,小路,126.659733398000000,126.659733398000000,66,533793.945300000020000,3379432.891299999800000
360, ,14,小路,126.659733398000000,126.659733398000000,66,533853.807400000050000,3379434.875700000200000
361, ,14,小路,47.849622113899997,47.849622113899997,67,533855.791800000010000,3379449.427800000200000
362, ,14,小路,47.849622113899997,47.849622113899997,67,533853.807400000050000,3379434.875700000200000
363, ,14,小路,47.849622113899997,47.849622113899997,67,533854.481099999980000,3379401.719699999800000
364, ,14,小路,268.711375764000020,268.711375764000020,68,533900.863600000040000,3379345.221400000200000
365, ,14,小路,268.711375764000020,268.711375764000020,68,533901.432500000000000,3379374.352099999800000
366, ,14,小路,268.711375764000020,268.711375764000020,68,533906.393399999940000,3379385.927600000100000
367, ,14,小路,268.711375764000020,268.711375764000020,68,533907.054899999990000,3379402.464100000000000
368, ,14,小路,268.711375764000020,268.711375764000020,68,533908.047099999970000,3379424.953799999800000
369, ,14,小路,268.711375764000020,268.711375764000020,68,533855.791800000010000,3379449.427800000200000
370, ,14,小路,268.711375764000020,268.711375764000020,68,533844.546899999960000,3379456.042400000200000
371, ,14,小路,268.711375764000020,268.711375764000020,68,533727.396599999980000,3379453.822199999800000
372, ,14,小路,77.682171539099997,77.682171539099997,69,533901.048500000030000,3379339.303400000100000
373, ,14,小路,77.682171539099997,77.682171539099997,69,533976.838899999970000,3379340.286900000200000
374, ,14,小路,77.682171539099997,77.682171539099997,69,533978.724000000050000,3379340.319999999800000
375, ,14,小路,42.323223928399997,42.323223928399997,70,533851.174800000040000,3379276.799999999800000
376, ,14,小路,42.323223928399997,42.323223928399997,70,533869.272299999950000,3379238.541199999900000
377, ,14,小路,45.770139967900000,45.770139967900000,71,534072.889300000040000,3379316.063300000000000
378, ,14,小路,45.770139967900000,45.770139967900000,71,534118.651700000050000,3379316.904999999800000
379, ,14,小路,71.441523869500003,71.441523869500003,72,534041.658599999970000,3379261.171999999800000
380, ,14,小路,71.441523869500003,71.441523869500003,72,534113.092399999960000,3379262.222500000100000
381, ,14,小路,42.789007671800000,42.789007671800000,73,534118.520099999970000,3379288.088000000000000
382, ,14,小路,42.789007671800000,42.789007671800000,73,534118.651700000050000,3379316.904999999800000
383, ,14,小路,42.789007671800000,42.789007671800000,73,534118.397800000040000,3379330.874400000100000
384, ,14,小路,161.106401938000000,161.106401938000000,74,534041.408100000000000,3379210.289200000000000
385, ,14,小路,161.106401938000000,161.106401938000000,74,534041.658599999970000,3379261.171999999800000
386, ,14,小路,161.106401938000000,161.106401938000000,74,534041.914299999950000,3379315.493400000000000
387, ,14,小路,161.106401938000000,161.106401938000000,74,534040.874799999990000,3379327.699399999800000
388, ,14,小路,161.106401938000000,161.106401938000000,74,534072.889399999990000,3379327.699399999800000
389, ,14,小路,161.106401938000000,161.106401938000000,74,534072.889300000040000,3379316.063200000200000
390, ,14,小路,17.065157713900000,17.065157713900000,75,534072.889399999990000,3379327.699399999800000
391, ,14,小路,17.065157713900000,17.065157713900000,75,534081.356099999980000,3379342.516100000100000
392, ,14,小路,38.364603959400000,38.364603959400000,76,534040.874799999990000,3379327.699399999800000
393, ,14,小路,38.364603959400000,38.364603959400000,76,534032.143500000010000,3379330.609800000200000
394, ,14,小路,38.364603959400000,38.364603959400000,76,534028.703899999960000,3379337.224400000200000
395, ,14,小路,38.364603959400000,38.364603959400000,76,534032.143500000010000,3379358.655700000000000
396, ,14,小路,12.589102356200000,12.589102356200000,77,534023.404499999950000,3379315.152999999900000
397, ,14,小路,12.589102356200000,12.589102356200000,77,534023.412200000020000,3379302.563900000000000
398, ,14,小路,71.741663299400003,71.741663299400003,78,534041.513299999990000,3379231.649700000000000
399, ,14,小路,71.741663299400003,71.741663299400003,78,534113.252899999960000,3379232.193800000000000
400, ,14,小路,21.557146745000001,21.557146745000001,79,534081.883000000030000,3379231.955899999900000
401, ,14,小路,21.557146745000001,21.557146745000001,79,534081.290400000060000,3379210.406899999800000
402, ,14,小路,143.036955083000010,143.036955083000010,80,534224.437400000050000,3379193.024199999900000
403, ,14,小路,143.036955083000010,143.036955083000010,80,534225.620499999960000,3379229.869500000000000
404, ,14,小路,143.036955083000010,143.036955083000010,80,534227.207999999980000,3379272.996600000200000
405, ,14,小路,143.036955083000010,143.036955083000010,80,534232.235100000050000,3379292.575800000200000
406, ,14,小路,143.036955083000010,143.036955083000010,80,534248.903799999970000,3379331.998800000200000
407, ,14,小路,266.533223275000010,266.533223275000010,81,533712.068899999950000,3378902.163300000100000
408, ,14,小路,266.533223275000010,266.533223275000010,81,533705.144300000040000,3378902.054500000100000
409, ,14,小路,266.533223275000010,266.533223275000010,81,533605.449099999970000,3378902.689499999900000
410, ,14,小路,266.533223275000010,266.533223275000010,81,533596.347399999970000,3378997.304700000200000
411, ,14,小路,266.533223275000010,266.533223275000010,81,533592.960800000000000,3379062.074800000100000
412, ,14,小路,259.290676628000030,259.290676628000030,82,533538.085899999950000,3379301.002700000100000
413, ,14,小路,259.290676628000030,259.290676628000030,82,533550.839000000040000,3379300.200300000100000
414, ,14,小路,259.290676628000030,259.290676628000030,82,533564.174000000000000,3379293.215299999800000
415, ,14,小路,259.290676628000030,259.290676628000030,82,533603.755800000040000,3379256.808499999800000
416, ,14,小路,259.290676628000030,259.290676628000030,82,533618.784100000050000,3379270.778500000000000
417, ,14,小路,259.290676628000030,259.290676628000030,82,533646.935900000040000,3379248.765199999800000
418, ,14,小路,259.290676628000030,259.290676628000030,82,533671.912600000040000,3379267.180199999800000
419, ,14,小路,259.290676628000030,259.290676628000030,82,533685.882600000010000,3379267.391900000200000
420, ,14,小路,259.290676628000030,259.290676628000030,82,533683.554299999960000,3379295.966899999900000
421, ,14,小路,259.290676628000030,259.290676628000030,82,533716.150999999950000,3379297.025299999900000
422, ,14,小路,259.290676628000030,259.290676628000030,82,533730.947799999970000,3379300.221100000200000
423, ,14,小路,24.278188973799999,24.278188973799999,83,533603.755800000040000,3379256.808499999800000
424, ,14,小路,24.278188973799999,24.278188973799999,83,533617.990400000010000,3379237.141100000100000
425, ,14,小路,270.373816268999970,270.373816268999970,84,533629.367500000050000,3379213.063999999800000
426, ,14,小路,270.373816268999970,270.373816268999970,84,533650.798799999990000,3379178.138900000100000
427, ,14,小路,270.373816268999970,270.373816268999970,84,533655.032099999950000,3379158.030499999900000
428, ,14,小路,270.373816268999970,270.373816268999970,84,533658.207100000000000,3379142.684700000100000
429, ,14,小路,270.373816268999970,270.373816268999970,84,533665.615499999960000,3379133.159700000200000
430, ,14,小路,270.373816268999970,270.373816268999970,84,533686.253000000030000,3379118.607499999900000
431, ,14,小路,270.373816268999970,270.373816268999970,84,533690.486400000050000,3379107.230399999800000
432, ,14,小路,270.373816268999970,270.373816268999970,84,533692.603000000000000,3379063.838700000200000
433, ,14,小路,270.373816268999970,270.373816268999970,84,533683.342599999970000,3379060.399100000000000
434, ,14,小路,270.373816268999970,270.373816268999970,84,533592.960800000000000,3379062.074800000100000
435, ,14,小路,177.184817352000010,177.184817352000010,85,533582.800700000020000,3379162.616700000100000
436, ,14,小路,177.184817352000010,177.184817352000010,85,533652.387699999960000,3379170.591599999900000
437, ,14,小路,177.184817352000010,177.184817352000010,85,533650.798799999990000,3379178.138900000100000
438, ,14,小路,177.184817352000010,177.184817352000010,85,533659.530099999970000,3379176.286799999900000
439, ,14,小路,177.184817352000010,177.184817352000010,85,533750.030700000000000,3379175.500000000000000
440, ,14,小路,115.117704841999990,115.117704841999990,86,533692.470699999950000,3379013.964600000100000
441, ,14,小路,115.117704841999990,115.117704841999990,86,533705.435399999960000,3378988.035399999900000
442, ,14,小路,115.117704841999990,115.117704841999990,86,533712.068899999950000,3378902.163300000100000
443, ,14,小路,58.472254644899998,58.472254644899998,87,533745.572700000020000,3378902.689499999900000
444, ,14,小路,58.472254644899998,58.472254644899998,87,533750.679200000010000,3378907.337299999800000
445, ,14,小路,58.472254644899998,58.472254644899998,87,533754.383400000050000,3378945.437400000200000
446, ,14,小路,58.472254644899998,58.472254644899998,87,533758.188100000030000,3378958.168600000000000
447,物探路,15,主干道,215.376866373000010,215.376866373000010,88,533977.073899999960000,3379210.937500000000000
448,物探路,15,主干道,215.376866373000010,215.376866373000010,88,533976.587500000020000,3379237.430000000200000
449,物探路,15,主干道,215.376866373000010,215.376866373000010,88,533977.639199999980000,3379260.230500000100000
450,物探路,15,主干道,215.376866373000010,215.376866373000010,88,533976.587500000020000,3379276.799999999800000
451,物探路,15,主干道,215.376866373000010,215.376866373000010,88,533977.063800000000000,3379300.136299999900000
452,物探路,15,主干道,215.376866373000010,215.376866373000010,88,533979.094399999940000,3379314.337900000200000
453,物探路,15,主干道,215.376866373000010,215.376866373000010,88,533978.724000000050000,3379340.319999999800000
454,物探路,15,主干道,215.376866373000010,215.376866373000010,88,533978.794600000020000,3379354.118100000100000
455,物探路,15,主干道,215.376866373000010,215.376866373000010,88,533972.047700000000000,3379365.495199999800000
456,物探路,15,主干道,215.376866373000010,215.376866373000010,88,533964.639300000040000,3379373.168099999900000
457,物探路,15,主干道,215.376866373000010,215.376866373000010,88,533961.993499999980000,3379381.502499999900000
458,物探路,15,主干道,215.376866373000010,215.376866373000010,88,533965.300799999970000,3379402.801500000100000
459,物探路,15,主干道,215.376866373000010,215.376866373000010,88,533970.327900000030000,3379419.867099999900000
460,玉兰路,16,主干道,494.489182680999990,494.489182680999990,89,533707.922099999970000,3379376.163499999800000
461,玉兰路,16,主干道,494.489182680999990,494.489182680999990,89,533778.943399999990000,3379374.907699999900000
462,玉兰路,16,主干道,494.489182680999990,494.489182680999990,89,533838.633500000000000,3379375.542700000100000
463,玉兰路,16,主干道,494.489182680999990,494.489182680999990,89,533901.432500000000000,3379374.352099999800000
464,玉兰路,16,主干道,494.489182680999990,494.489182680999990,89,533912.182999999960000,3379375.819199999800000
465,玉兰路,16,主干道,494.489182680999990,494.489182680999990,89,533967.830399999980000,3379369.863100000200000
466,玉兰路,16,主干道,494.489182680999990,494.489182680999990,89,534032.143500000010000,3379358.655700000000000
467,玉兰路,16,主干道,494.489182680999990,494.489182680999990,89,534062.678300000030000,3379350.260400000000000
468,玉兰路,16,主干道,494.489182680999990,494.489182680999990,89,534081.356099999980000,3379342.516100000100000
469,玉兰路,16,主干道,494.489182680999990,494.489182680999990,89,534118.397800000040000,3379330.874400000100000
470,玉兰路,16,主干道,494.489182680999990,494.489182680999990,89,534154.248999999950000,3379316.983700000200000
471,玉兰路,16,主干道,494.489182680999990,494.489182680999990,89,534171.369300000020000,3379310.572800000200000
472,玉兰路,16,主干道,494.489182680999990,494.489182680999990,89,534175.814299999970000,3379305.492800000100000
473,玉兰路,16,主干道,494.489182680999990,494.489182680999990,89,534175.722100000010000,3379290.832899999800000
474,玉兰路,16,主干道,83.432148755100002,83.432148755100002,90,534154.248999999950000,3379316.983700000200000
475,玉兰路,16,主干道,83.432148755100002,83.432148755100002,90,534168.644100000030000,3379317.716599999900000
476,玉兰路,16,主干道,83.432148755100002,83.432148755100002,90,534199.044800000030000,3379311.604700000000000
477,玉兰路,16,主干道,83.432148755100002,83.432148755100002,90,534217.936100000050000,3379304.778500000000000
478,玉兰路,16,主干道,83.432148755100002,83.432148755100002,90,534234.482500000040000,3379297.890999999800000
479, ,15,小路,57.267820632300001,57.267820632300001,91,534118.520099999970000,3379288.088000000000000
480, ,15,小路,57.267820632300001,57.267820632300001,91,534175.722100000010000,3379290.832899999800000
481, ,15,小路,26.703141304300001,26.703141304300001,92,533775.676100000040000,3379401.410199999800000
482, ,15,小路,26.703141304300001,26.703141304300001,92,533778.943399999990000,3379374.907699999900000
483,珞珈山路,16,主干道,280.572017352999980,280.572017352999980,93,533484.587199999950000,3379342.745399999900000
484,珞珈山路,16,主干道,280.572017352999980,280.572017352999980,93,533484.984700000030000,3379350.393800000200000
485,珞珈山路,16,主干道,280.572017352999980,280.572017352999980,93,533499.589799999960000,3379394.050199999900000
486,珞珈山路,16,主干道,280.572017352999980,280.572017352999980,93,533550.866099999980000,3379429.451500000000000
487,珞珈山路,16,主干道,280.572017352999980,280.572017352999980,93,533596.903700000020000,3379462.471500000000000
488,珞珈山路,16,主干道,280.572017352999980,280.572017352999980,93,533654.371300000000000,3379504.857900000200000
489,珞珈山路,16,主干道,280.572017352999980,280.572017352999980,93,533684.048599999980000,3379526.116400000200000
490,珞喻路,17,主干道,468.790545364000020,468.790545364000020,94,533736.286500000050000,3378751.587600000200000
491,珞喻路,17,主干道,468.790545364000020,468.790545364000020,94,533894.613499999980000,3378688.087499999900000
492,珞喻路,17,主干道,468.790545364000020,468.790545364000020,94,534083.520400000040000,3378604.850800000100000
493,珞喻路,17,主干道,468.790545364000020,468.790545364000020,94,534164.806499999950000,3378562.251400000000000
494, ,17,小路,85.108581134299996,85.108581134299996,95,533932.044600000020000,3379005.744800000000000
495, ,17,小路,85.108581134299996,85.108581134299996,95,534017.152499999970000,3379006.085299999900000
496,求是二路,2,主干道,66.919284570800002,66.919284570800002,96,534086.884100000020000,3378681.290899999900000
497,求是二路,2,主干道,66.919284570800002,66.919284570800002,96,534028.411100000030000,3378713.834700000000000
498,北京路,5,主干道,57.250641512000001,57.250641512000001,97,534084.855699999960000,3378784.790099999900000
499,北京路,5,主干道,57.250641512000001,57.250641512000001,97,534142.096900000000000,3378783.750399999800000
500,友谊大道,13,主干道,39.926636057200000,39.926636057200000,98,534084.855699999960000,3378784.790099999900000
501,友谊大道,13,主干道,39.926636057200000,39.926636057200000,98,534083.645800000060000,3378824.698400000100000
502,陕西路,6,主干道,90.854462447900005,90.854462447900005,99,533742.199700000000000,3378836.853399999900000
503,陕西路,6,主干道,90.854462447900005,90.854462447900005,99,533832.988999999940000,3378833.413000000200000
504,陕西路,6,主干道,95.483060181300004,95.483060181300004,100,533832.988999999940000,3378833.413000000200000
505,陕西路,6,主干道,95.483060181300004,95.483060181300004,100,533867.876999999980000,3378832.090900000200000
506,陕西路,6,主干道,95.483060181300004,95.483060181300004,100,533928.366500000000000,3378828.968799999900000
507,陕西路,6,主干道,97.352675983099999,97.352675983099999,101,533928.366500000000000,3378828.968799999900000
508,陕西路,6,主干道,97.352675983099999,97.352675983099999,101,533949.898000000040000,3378827.857499999900000
509,陕西路,6,主干道,97.352675983099999,97.352675983099999,101,534025.669600000020000,3378826.077000000000000
510,陕西路,6,主干道,57.992590159499997,57.992590159499997,102,534025.669600000020000,3378826.077000000000000
511,陕西路,6,主干道,57.992590159499997,57.992590159499997,102,534051.233600000040000,3378825.476300000200000
512,陕西路,6,主干道,57.992590159499997,57.992590159499997,102,534083.645800000060000,3378824.698400000100000
513,陕西路,6,主干道,57.824246614300002,57.824246614300002,103,534083.645800000060000,3378824.698400000100000
514,陕西路,6,主干道,57.824246614300002,57.824246614300002,103,534141.453400000000000,3378823.311000000200000
515,友谊大道,13,主干道,76.632052258100003,76.632052258100003,104,534083.520400000040000,3378604.850800000100000
516,友谊大道,13,主干道,76.632052258100003,76.632052258100003,104,534086.695399999970000,3378634.484199999800000
517,友谊大道,13,主干道,76.632052258100003,76.632052258100003,104,534087.489100000010000,3378666.763400000100000
518,友谊大道,13,主干道,76.632052258100003,76.632052258100003,104,534086.884100000020000,3378681.290899999900000
519,求是二路,2,主干道,52.264168240200000,52.264168240200000,105,534028.411100000030000,3378713.834700000000000
520,求是二路,2,主干道,52.264168240200000,52.264168240200000,105,534027.123299999980000,3378766.083000000100000
521,求是一路,1,主干道,55.458075675099998,55.458052262499997,106,534086.884100000020000,3378681.290899999900000
522,求是一路,1,主干道,55.458075675099998,55.458052262499997,106,534135.382300000060000,3378704.944699999900000
523,求是一路,1,主干道,55.458075675099998,55.458052262499997,106,534136.618400000040000,3378705.792700000100000
524,求是一路,1,主干道,57.407760107500003,57.402005303599999,107,534136.618400000040000,3378705.792700000100000
525,求是一路,1,主干道,57.407760107500003,57.402005303599999,107,534141.097300000020000,3378709.177999999800000
526,求是一路,1,主干道,57.407760107500003,57.402005303599999,107,534141.630499999970000,3378709.437500000000000
527,求是一路,1,主干道,57.407760107500003,57.402005303599999,107,534142.114900000040000,3378709.779500000200000
528,求是一路,1,主干道,57.407760107500003,57.402005303599999,107,534142.537999999940000,3378710.194999999800000
529,求是一路,1,主干道,57.407760107500003,57.402005303599999,107,534142.888700000010000,3378710.673200000100000
530,求是一路,1,主干道,57.407760107500003,57.402005303599999,107,534143.157800000040000,3378711.201599999800000
531,求是一路,1,主干道,57.407760107500003,57.402005303599999,107,534143.338400000010000,3378711.766499999900000
532,求是一路,1,主干道,57.407760107500003,57.402005303599999,107,534143.425700000020000,3378712.353000000100000
533,求是一路,1,主干道,57.407760107500003,57.402005303599999,107,534143.425700000020000,3378736.059700000100000
534,求是一路,1,主干道,57.407760107500003,57.402005303599999,107,534142.759199999970000,3378759.980399999800000
535,求是一路,1,主干道,23.779224993000000,23.779224993000000,108,534142.759199999970000,3378759.980399999800000
536,求是一路,1,主干道,23.779224993000000,23.779224993000000,108,534142.096900000000000,3378783.750399999800000
537,求是一路,1,主干道,39.561230209800001,39.561230209800001,109,534142.096900000000000,3378783.750399999800000
538,求是一路,1,主干道,39.561230209800001,39.561230209800001,109,534141.520699999990000,3378804.428200000000000
539,求是一路,1,主干道,39.561230209800001,39.561230209800001,109,534140.921800000010000,3378823.294100000100000
540,求是一路,1,主干道,47.858464494800003,47.858464494800003,110,534140.921800000010000,3378823.294100000100000
541,求是一路,1,主干道,47.858464494800003,47.858464494800003,110,534140.674000000000000,3378831.098199999900000
542,求是一路,1,主干道,47.858464494800003,47.858464494800003,110,534142.579000000030000,3378871.103300000100000
543,求是一路,1,主干道,84.766234367799996,84.766234367799996,111,534138.476299999980000,3379125.431400000100000
544,求是一路,1,主干道,84.766234367799996,84.766234367799996,111,534138.557299999990000,3379152.832200000100000
545,求是一路,1,主干道,84.766234367799996,84.766234367799996,111,534137.922299999980000,3379210.194000000100000
546,求是一路,1,主干道,44.142893194999999,44.142893194999999,112,534138.345699999950000,3379081.288699999900000
547,求是一路,1,主干道,44.142893194999999,44.142893194999999,112,534138.476299999980000,3379125.431400000100000
548, ,12,小路,37.770300058399997,37.770300058399997,113,534138.476299999980000,3379125.431400000100000
549, ,12,小路,37.770300058399997,37.770300058399997,113,534176.246599999950000,3379125.429300000000000
550,毕生路,14,主干道,42.664522613099997,42.664522613099997,114,534138.345699999950000,3379081.288699999900000
551,毕生路,14,主干道,42.664522613099997,42.664522613099997,114,534181.009100000020000,3379080.979199999900000
552,毕生路,14,主干道,24.268340060500002,24.268340060500002,115,534226.253000000030000,3379080.979199999900000
553,毕生路,14,主干道,24.268340060500002,24.268340060500002,115,534250.517800000030000,3379081.393699999900000
554,回归路,4,主干道,98.957156059499994,98.957156059499994,116,534250.517800000030000,3379081.393699999900000
555,回归路,4,主干道,98.957156059499994,98.957156059499994,116,534250.694600000050000,3379150.411700000100000
556,回归路,4,主干道,98.957156059499994,98.957156059499994,116,534250.059600000040000,3379172.636800000000000
557,回归路,4,主干道,98.957156059499994,98.957156059499994,116,534247.942900000020000,3379180.045100000200000
558,回归路,4,主干道,215.041574298000000,215.041574298000000,117,534231.763599999950000,3378869.886700000100000
559,回归路,4,主干道,215.041574298000000,215.041574298000000,117,534241.447399999950000,3378884.650500000000000
560,回归路,4,主干道,215.041574298000000,215.041574298000000,117,534242.082399999960000,3378890.048000000000000
561,回归路,4,主干道,215.041574298000000,215.041574298000000,117,534241.288599999970000,3378971.169400000000000
562,回归路,4,主干道,215.041574298000000,215.041574298000000,117,534240.971099999970000,3378995.458200000200000
563,回归路,4,主干道,215.041574298000000,215.041574298000000,117,534244.622399999990000,3379019.270700000200000
564,回归路,4,主干道,215.041574298000000,215.041574298000000,117,534250.496099999990000,3379072.928299999800000
565,回归路,4,主干道,215.041574298000000,215.041574298000000,117,534250.517800000030000,3379081.393699999900000
566,回归路,4,主干道,47.056564579099998,47.056564579099998,118,534231.972700000040000,3378822.830600000000000
567,回归路,4,主干道,47.056564579099998,47.056564579099998,118,534231.763599999950000,3378869.886700000100000
568,回归路,4,主干道,80.394519384600002,80.394519384600002,119,534209.379800000000000,3378758.920200000100000
569,回归路,4,主干道,80.394519384600002,80.394519384600002,119,534223.826099999950000,3378759.872700000200000
570,回归路,4,主干道,80.394519384600002,80.394519384600002,119,534226.366099999980000,3378761.618999999900000
571,回归路,4,主干道,80.394519384600002,80.394519384600002,119,534230.017400000010000,3378765.587700000000000
572,回归路,4,主干道,80.394519384600002,80.394519384600002,119,534232.239900000040000,3378777.970199999900000
573,回归路,4,主干道,80.394519384600002,80.394519384600002,119,534232.081099999950000,3378798.449000000000000
574,回归路,4,主干道,80.394519384600002,80.394519384600002,119,534231.972700000040000,3378822.830600000000000
575,星湖南路,7,主干道,76.976989672499997,76.976989672499997,120,533829.978400000020000,3378877.854799999900000
576,星湖南路,7,主干道,76.976989672499997,76.976989672499997,120,533753.065300000020000,3378880.990400000000000
577,星湖南路,7,主干道,96.781923027100007,96.781923027100007,121,533926.698399999990000,3378874.397799999900000
578,星湖南路,7,主干道,96.781923027100007,96.781923027100007,121,533841.330399999980000,3378877.392000000000000
579,星湖南路,7,主干道,96.781923027100007,96.781923027100007,121,533829.978400000020000,3378877.854799999900000
580,星湖南路,7,主干道,94.032644210800001,94.032644210800001,122,534020.724200000060000,3378873.823499999900000
581,星湖南路,7,主干道,94.032644210800001,94.032644210800001,122,533993.942400000060000,3378874.428700000000000
582,星湖南路,7,主干道,94.032644210800001,94.032644210800001,122,533926.698399999990000,3378874.397799999900000
583,星湖南路,7,主干道,89.196457468500000,89.196457468500000,123,534231.763599999950000,3378869.886700000100000
584,星湖南路,7,主干道,89.196457468500000,89.196457468500000,123,534195.661100000030000,3378870.830399999900000
585,星湖南路,7,主干道,89.196457468500000,89.196457468500000,123,534142.583199999990000,3378871.459300000200000
586,求是二路,2,主干道,19.770503890200001,19.770503890200001,124,534027.123299999980000,3378766.083000000100000
587,求是二路,2,主干道,19.770503890200001,19.770503890200001,124,534026.636100000000000,3378785.847500000100000
588,求是二路,2,主干道,40.224865713100002,40.224865713100002,125,534026.636100000000000,3378785.847500000100000
589,求是二路,2,主干道,40.224865713100002,40.224865713100002,125,534026.559000000010000,3378788.976499999900000
590,求是二路,2,主干道,40.224865713100002,40.224865713100002,125,534024.574600000050000,3378826.018300000100000
591,求是二路,2,主干道,47.974880365099999,47.974880365099999,126,534024.574600000050000,3378826.018300000100000
592,求是二路,2,主干道,47.974880365099999,47.974880365099999,126,534023.383999999960000,3378848.243300000200000
593,求是二路,2,主干道,47.974880365099999,47.974880365099999,126,534020.799299999960000,3378873.831100000100000
594,求是二路,2,主干道,102.981761488000000,102.981761488000000,127,534020.799299999960000,3378873.831100000100000
595,求是二路,2,主干道,102.981761488000000,102.981761488000000,127,534020.738099999960000,3378874.437100000200000
596,求是二路,2,主干道,102.981761488000000,102.981761488000000,127,534018.092300000020000,3378959.633100000200000
597,求是二路,2,主干道,102.981761488000000,102.981761488000000,127,534017.745699999970000,3378976.765199999800000
598,求是二路,2,主干道,29.326100154300001,29.326100154300001,128,534017.745699999970000,3378976.765199999800000
599,求是二路,2,主干道,29.326100154300001,29.326100154300001,128,534017.152499999970000,3379006.085299999900000
600,求是二路,2,主干道,65.534949630699998,65.534949630699998,129,534017.152499999970000,3379006.085299999900000
601,求是二路,2,主干道,65.534949630699998,65.534949630699998,129,534016.240200000000000,3379051.179099999800000
602,求是二路,2,主干道,65.534949630699998,65.534949630699998,129,534015.765200000020000,3379071.605500000100000
603,求是二路,2,主干道,7.678275112220000,7.678275112220000,130,534015.765200000020000,3379071.605500000100000
604,求是二路,2,主干道,7.678275112220000,7.678275112220000,130,534015.586699999990000,3379079.281700000200000
605,求是二路,2,主干道,27.050311720700002,27.050311720700002,131,534015.586699999990000,3379079.281700000200000
606,求是二路,2,主干道,27.050311720700002,27.050311720700002,131,534014.957799999970000,3379106.324700000200000
607,求是二路,2,主干道,16.379329498699999,16.379329498699999,132,534014.957799999970000,3379106.324700000200000
608,求是二路,2,主干道,16.379329498699999,16.379329498699999,132,534014.576899999990000,3379122.699599999900000
609,广东路,15,主干道,72.230143599800002,72.230143599800002,133,534012.800599999960000,3379210.194000000100000
610,广东路,15,主干道,72.230143599800002,72.230143599800002,133,534027.798300000020000,3379193.098400000000000
611,广东路,15,主干道,72.230143599800002,72.230143599800002,133,534037.799600000030000,3379192.939600000200000
612,广东路,15,主干道,72.230143599800002,72.230143599800002,133,534048.118400000040000,3379183.732100000100000
613,广东路,15,主干道,72.230143599800002,72.230143599800002,133,534071.536599999990000,3379173.252100000200000
614,广东路,15,主干道,58.637511493799998,58.637511493799998,134,534074.161300000040000,3379111.597500000100000
615,广东路,15,主干道,58.637511493799998,58.637511493799998,134,534032.799000000000000,3379111.262600000000000
616,广东路,15,主干道,58.637511493799998,58.637511493799998,134,534026.395999999950000,3379112.469099999900000
617,广东路,15,主干道,58.637511493799998,58.637511493799998,134,534025.126000000050000,3379119.665800000100000
618,广东路,15,主干道,58.637511493799998,58.637511493799998,134,534025.183500000040000,3379123.115600000100000
619,广东路,15,主干道,58.598716851900001,58.598716851900001,135,534025.183500000040000,3379123.115600000100000
620,广东路,15,主干道,58.598716851900001,58.598716851900001,135,534025.337700000030000,3379132.365799999800000
621,广东路,15,主干道,58.598716851900001,58.598716851900001,135,534025.549400000020000,3379140.620800000100000
622,广东路,15,主干道,58.598716851900001,58.598716851900001,135,534038.249399999970000,3379148.029099999900000
623,广东路,15,主干道,58.598716851900001,58.598716851900001,135,534055.182799999950000,3379155.225800000100000
624,广东路,15,主干道,58.598716851900001,58.598716851900001,135,534061.956099999950000,3379159.459199999900000
625,毕生路,14,主干道,59.220413489800002,59.220413489800002,136,534015.586600000040000,3379079.281700000200000
626,毕生路,14,主干道,59.220413489800002,59.220413489800002,136,534074.799099999950000,3379080.249799999900000
627,求是大道,11,主干道,115.552617960000010,115.552617960000010,137,534247.942900000020000,3379180.045100000200000
628,求是大道,11,主干道,115.552617960000010,115.552617960000010,137,534227.450900000050000,3379191.894100000200000
629,求是大道,11,主干道,115.552617960000010,115.552617960000010,137,534207.342500000030000,3379199.434700000100000
630,求是大道,11,主干道,115.552617960000010,115.552617960000010,137,534177.312200000040000,3379206.446200000100000
631,求是大道,11,主干道,115.552617960000010,115.552617960000010,137,534137.922299999980000,3379210.194000000100000
632,求是大道,11,主干道,125.122482860000010,125.122482860000010,138,534137.922299999980000,3379210.194000000100000
633,求是大道,11,主干道,125.122482860000010,125.122482860000010,138,534079.151599999980000,3379210.414900000200000
634,求是大道,11,主干道,125.122482860000010,125.122482860000010,138,534012.800599999960000,3379210.194000000100000
635,求是大道,11,主干道,90.103702558199998,90.103702558199998,139,534012.800599999960000,3379210.194000000100000
636,求是大道,11,主干道,90.103702558199998,90.103702558199998,139,533922.716400000030000,3379212.068599999900000
637,求是大道,11,主干道,16.469538546799999,16.469538546799999,140,533922.716400000030000,3379212.068599999900000
638,求是大道,11,主干道,16.469538546799999,16.469538546799999,140,533906.252699999950000,3379212.507100000000000
639,求是大道,11,主干道,22.228290628200000,22.228290628200000,141,533906.252699999950000,3379212.507100000000000
640,求是大道,11,主干道,22.228290628200000,22.228290628200000,141,533895.398099999990000,3379212.796200000200000
641,求是大道,11,主干道,22.228290628200000,22.228290628200000,141,533884.386500000020000,3379209.964600000100000
642,求是大道,11,主干道,43.671532937199999,43.671532937199999,142,533884.386500000020000,3379209.964600000100000
643,求是大道,11,主干道,43.671532937199999,43.671532937199999,142,533881.507499999950000,3379209.224299999900000
644,求是大道,11,主干道,43.671532937199999,43.671532937199999,142,533853.990800000030000,3379197.847200000200000
645,求是大道,11,主干道,43.671532937199999,43.671532937199999,142,533843.985600000010000,3379193.464699999900000
646,求是大道,11,主干道,32.765969329299999,32.765969329299999,143,533843.985600000010000,3379193.464699999900000
647,求是大道,11,主干道,32.765969329299999,32.765969329299999,143,533813.972500000030000,3379180.318500000100000
648,求是大道,11,主干道,23.214370372000001,23.214370372000001,144,533813.972500000030000,3379180.318500000100000
649,求是大道,11,主干道,23.214370372000001,23.214370372000001,144,533790.887499999950000,3379182.765900000000000
650,求是大道,11,主干道,33.869720907800001,33.869720907800001,145,533790.887499999950000,3379182.765900000000000
651,求是大道,11,主干道,33.869720907800001,33.869720907800001,145,533779.378099999970000,3379198.376400000000000
652,求是大道,11,主干道,33.869720907800001,33.869720907800001,145,533771.520699999990000,3379210.533199999900000
653,求是大道,11,主干道,58.986590895100001,58.986590895100001,146,533771.520699999990000,3379210.533199999900000
654,求是大道,11,主干道,58.986590895100001,58.986590895100001,146,533765.355199999990000,3379220.072199999800000
655,求是大道,11,主干道,58.986590895100001,58.986590895100001,146,533746.516799999980000,3379263.816800000100000
656,求是大道,11,主干道,39.593772484200002,39.593772484200002,147,533746.516799999980000,3379263.816800000100000
657,求是大道,11,主干道,39.593772484200002,39.593772484200002,147,533730.947799999970000,3379300.221100000200000
658,求是大道,11,主干道,81.568058597900006,81.568058597900006,148,533730.947799999970000,3379300.221100000200000
659,求是大道,11,主干道,81.568058597900006,81.568058597900006,148,533714.316899999980000,3379339.108500000100000
660,求是大道,11,主干道,81.568058597900006,81.568058597900006,148,533705.215300000040000,3379359.957700000100000
661,求是大道,11,主干道,81.568058597900006,81.568058597900006,148,533705.321099999940000,3379365.672700000000000
662,求是大道,11,主干道,81.568058597900006,81.568058597900006,148,533707.922099999970000,3379376.163499999800000
663,求是大道,11,主干道,27.253338831699999,27.253338831699999,149,533707.922099999970000,3379376.163499999800000
664,求是大道,11,主干道,27.253338831699999,27.253338831699999,149,533708.496099999990000,3379378.478600000000000
665,求是大道,11,主干道,27.253338831699999,27.253338831699999,149,533716.645299999970000,3379401.973600000100000
666,求是大道,11,主干道,32.153197051200003,32.153197051200003,150,533716.645299999970000,3379401.973600000100000
667,求是大道,11,主干道,32.153197051200003,32.153197051200003,150,533724.794499999960000,3379426.315400000200000
668,求是大道,11,主干道,32.153197051200003,32.153197051200003,150,533727.182799999950000,3379432.342999999900000
669,求是大道,11,主干道,22.019506921100000,22.019506921100000,151,533727.182799999950000,3379432.342999999900000
670,求是大道,11,主干道,22.019506921100000,22.019506921100000,151,533729.239500000030000,3379437.533700000000000
671,求是大道,11,主干道,22.019506921100000,22.019506921100000,151,533728.181100000050000,3379450.974599999800000
672,求是大道,11,主干道,22.019506921100000,22.019506921100000,151,533727.396599999980000,3379453.822199999800000
673, ,14,小路,67.936659611899998,67.936659611899998,152,533538.085899999950000,3379301.002700000100000
674, ,14,小路,67.936659611899998,67.936659611899998,152,533527.979000000050000,3379310.572000000200000
675, ,14,小路,67.936659611899998,67.936659611899998,152,533484.587199999950000,3379342.745399999900000
676, ,14,小路,149.739907697000010,149.739907697000010,153,533582.800700000020000,3379162.616700000100000
677, ,14,小路,149.739907697000010,149.739907697000010,153,533574.334099999980000,3379207.066800000100000
678, ,14,小路,149.739907697000010,149.739907697000010,153,533566.714000000040000,3379250.035199999800000
679, ,14,小路,149.739907697000010,149.739907697000010,153,533559.517400000010000,3379280.091899999900000
680, ,14,小路,149.739907697000010,149.739907697000010,153,533547.875699999980000,3379291.733599999900000
681, ,14,小路,149.739907697000010,149.739907697000010,153,533538.085899999950000,3379301.002700000100000
682, ,14,小路,101.235992310000000,101.235992310000000,154,533592.960800000000000,3379062.074800000100000
683, ,14,小路,101.235992310000000,101.235992310000000,154,533590.209099999980000,3379119.224899999800000
684, ,14,小路,101.235992310000000,101.235992310000000,154,533582.800700000020000,3379162.616700000100000
685, ,14,小路,37.478302300199999,37.478302300199999,155,533748.609700000030000,3378868.775899999800000
686, ,14,小路,37.478302300199999,37.478302300199999,155,533741.974399999950000,3378873.691099999900000
687, ,14,小路,37.478302300199999,37.478302300199999,155,533745.572700000020000,3378902.689499999900000
688, ,14,小路,33.507931910000003,33.507931910000003,156,533745.572700000020000,3378902.689499999900000
689, ,14,小路,33.507931910000003,33.507931910000003,156,533712.068899999950000,3378902.163300000100000
690,星湖三路,8,主干道,86.962113848100003,86.962113848100003,157,533736.286500000050000,3378751.587600000200000
691,星湖三路,8,主干道,86.962113848100003,86.962113848100003,157,533744.162000000010000,3378776.400400000200000
692,星湖三路,8,主干道,86.962113848100003,86.962113848100003,157,533739.531800000000000,3378805.835299999900000
693,星湖三路,8,主干道,86.962113848100003,86.962113848100003,157,533742.199700000000000,3378836.853399999900000
694,星湖三路,8,主干道,32.688105966000002,32.688105966000002,158,533742.199700000000000,3378836.853399999900000
695,星湖三路,8,主干道,32.688105966000002,32.688105966000002,158,533745.749500000030000,3378860.934900000200000
696,星湖三路,8,主干道,32.688105966000002,32.688105966000002,158,533748.609700000030000,3378868.775899999800000
697,星湖三路,8,主干道,13.001783784600001,13.001783784600001,159,533748.609700000030000,3378868.775899999800000
698,星湖三路,8,主干道,13.001783784600001,13.001783784600001,159,533753.065300000020000,3378880.990400000000000
699,星湖三路,8,主干道,88.393330578299995,88.393330578299995,160,533750.030700000000000,3379175.500000000000000
700,星湖三路,8,主干道,88.393330578299995,88.393330578299995,160,533749.982800000000000,3379182.933499999800000
701,星湖三路,8,主干道,88.393330578299995,88.393330578299995,160,533748.395299999970000,3379223.282500000200000
702,星湖三路,8,主干道,88.393330578299995,88.393330578299995,160,533746.940100000010000,3379257.546099999900000
703,星湖三路,8,主干道,88.393330578299995,88.393330578299995,160,533746.516799999980000,3379263.816800000100000
704, ,14,小路,61.451539452799999,61.451539452799999,161,533785.503200000040000,3379313.808800000200000
705, ,14,小路,61.451539452799999,61.451539452799999,161,533784.023399999950000,3379329.346400000200000
706, ,14,小路,61.451539452799999,61.451539452799999,161,533778.943399999990000,3379374.907699999900000
707, ,14,小路,35.837898609699998,35.837898609699998,162,533790.072900000030000,3379278.282999999800000
708, ,14,小路,35.837898609699998,35.837898609699998,162,533787.198399999990000,3379296.008800000000000
709, ,14,小路,35.837898609699998,35.837898609699998,162,533785.503200000040000,3379313.808800000200000
710,星湖一路,10,主干道,41.893313076200002,41.893313076200002,163,533933.035200000040000,3378977.647299999800000
711,星湖一路,10,主干道,41.893313076200002,41.893313076200002,163,533931.559099999950000,3379019.514599999900000
712,星湖一路,10,主干道,51.992715421000000,51.992715421000000,164,533931.559099999950000,3379019.514599999900000
713,星湖一路,10,主干道,51.992715421000000,51.992715421000000,164,533930.124799999990000,3379060.197399999900000
714,星湖一路,10,主干道,51.992715421000000,51.992715421000000,164,533929.259300000030000,3379071.448799999900000
715,星湖一路,10,主干道,8.886877013390000,8.886877013390000,165,533929.259300000030000,3379071.448799999900000
716,星湖一路,10,主干道,8.886877013390000,8.886877013390000,165,533928.577700000020000,3379080.309500000000000
717,星湖一路,10,主干道,26.517891081199998,26.517891081199998,166,533928.577700000020000,3379080.309500000000000
718,星湖一路,10,主干道,26.517891081199998,26.517891081199998,166,533928.272699999970000,3379084.274600000100000
719,星湖一路,10,主干道,26.517891081199998,26.517891081199998,166,533926.218699999970000,3379106.721899999800000
720, ,14,小路,66.197607543600000,66.197607543600000,167,533850.539800000030000,3379312.518900000000000
721, ,14,小路,66.197607543600000,66.197607543600000,167,533859.588499999950000,3379312.518900000000000
722, ,14,小路,66.197607543600000,66.197607543600000,167,533859.429800000040000,3379298.390100000000000
723, ,14,小路,66.197607543600000,66.197607543600000,167,533902.447999999970000,3379298.094399999800000
724,玉兰路,16,主干道,84.414689426600006,84.414689426600006,168,534175.722100000010000,3379290.832899999800000
725,玉兰路,16,主干道,84.414689426600006,84.414689426600006,168,534175.547999999950000,3379263.140900000000000
726,玉兰路,16,主干道,84.414689426600006,84.414689426600006,168,534177.312200000040000,3379206.446200000100000
727, ,14,小路,44.317596393000002,44.317596393000002,169,533979.094399999940000,3379314.337900000200000
728, ,14,小路,44.317596393000002,44.317596393000002,169,534023.404499999950000,3379315.152999999900000
729, ,14,小路,18.512931596400001,18.512931596400001,170,534023.404499999950000,3379315.152999999900000
730, ,14,小路,18.512931596400001,18.512931596400001,170,534041.914299999950000,3379315.493499999900000
731, ,14,小路,30.980240428700000,30.980240428700000,171,534041.914299999950000,3379315.493499999900000
732, ,14,小路,30.980240428700000,30.980240428700000,171,534072.889300000040000,3379316.063300000000000
733, ,14,小路,35.602524211300000,35.602524211300000,172,534118.651700000050000,3379316.904999999800000
734, ,14,小路,35.602524211300000,35.602524211300000,172,534137.315599999970000,3379317.248300000100000
735, ,14,小路,35.602524211300000,35.602524211300000,172,534154.248999999950000,3379316.983700000200000
736, ,14,小路,64.026322700600005,64.026322700600005,173,533977.639199999980000,3379260.230500000100000
737, ,14,小路,64.026322700600005,64.026322700600005,173,534041.658599999970000,3379261.171999999800000
738, ,14,小路,57.151777780700002,57.151777780700002,174,534118.402400000020000,3379262.300600000200000
739, ,14,小路,57.151777780700002,57.151777780700002,174,534175.547999999950000,3379263.140900000000000
740, ,14,小路,5.310574319750000,5.310574319750000,175,534113.092399999960000,3379262.222500000100000
741, ,14,小路,5.310574319750000,5.310574319750000,175,534118.402400000020000,3379262.300600000200000
742, ,14,小路,51.936841885299998,51.936841885299998,176,534113.370000000000000,3379210.286299999800000
743, ,14,小路,51.936841885299998,51.936841885299998,176,534113.092399999960000,3379262.222399999900000
744, ,14,小路,25.787768603000000,25.787768603000000,177,534118.402400000020000,3379262.300499999900000
745, ,14,小路,25.787768603000000,25.787768603000000,177,534118.520099999970000,3379288.088000000000000
746, ,14,小路,5.310574319750000,5.310574319750000,178,534113.092399999960000,3379262.222399999900000
747, ,14,小路,5.310574319750000,5.310574319750000,178,534118.402400000020000,3379262.300499999900000
748,新疆路,3,主干道,45.459468915899997,45.459468915899997,179,533928.463200000000000,3378828.972600000000000
749,新疆路,3,主干道,45.459468915899997,45.459468915899997,179,533926.698399999990000,3378874.397799999900000
750,新疆路,3,主干道,62.945975765000000,62.945975765000000,180,533930.606099999980000,3378766.063900000000000
751,新疆路,3,主干道,62.945975765000000,62.945975765000000,180,533929.741099999980000,3378796.080999999800000
752,新疆路,3,主干道,62.945975765000000,62.945975765000000,180,533928.463200000000000,3378828.972600000000000
753,星湖三路,8,主干道,100.577007842000000,100.577007842000000,181,533753.065300000020000,3378880.990400000000000
754,星湖三路,8,主干道,100.577007842000000,100.577007842000000,181,533758.714099999980000,3378890.171399999900000
755,星湖三路,8,主干道,100.577007842000000,100.577007842000000,181,533759.375600000030000,3378912.793399999800000
756,星湖三路,8,主干道,100.577007842000000,100.577007842000000,181,533758.714099999980000,3378943.088200000100000
757,星湖三路,8,主干道,100.577007842000000,100.577007842000000,181,533757.523500000010000,3378977.219500000100000
758,星湖三路,8,主干道,100.577007842000000,100.577007842000000,181,533757.573500000060000,3378979.930699999900000